AF3,4284.61538461538,4287.17948717949,4285.64102564103,4290.25641025641,4283.07692307692,4272.82051282051,4287.17948717949,4297.4358974359,4282.5641025641,4274.8717948718,4276.92307692308,4278.46153846154,4286.15384615385,4289.23076923077,4281.53846153846,4280.51282051282,4281.53846153846,4283.07692307692,4296.92307692308,4305.64102564103,4307.17948717949,4311.79487179487,4305.12820512821,4294.8717948718,4292.82051282051,4287.69230769231,4274.8717948718,4276.92307692308,4291.79487179487,4287.17948717949,4264.61538461538,4254.8717948718,4271.79487179487,4285.12820512821,4284.10256410256,4289.74358974359,4297.94871794872,4295.38461538462,4287.69230769231,4290.25641025641,4294.35897435897,4293.84615384615,4296.41025641026,4300,4301.02564102564,4296.41025641026,4298.46153846154,4304.61538461538,4296.92307692308,4297.4358974359,4309.74358974359,4304.10256410256,4294.8717948718,4301.02564102564,4296.41025641026,4288.71794871795,4295.38461538462,4295.38461538462,4291.79487179487,4290.76923076923,4285.64102564103,4279.48717948718,4274.8717948718,4279.48717948718,4290.76923076923,4280,4264.10256410256,4272.30769230769,4282.05128205128,4280.51282051282,4274.8717948718,4265.64102564103,4264.61538461538,4283.58974358974,4293.33333333333,4282.05128205128,4281.02564102564,4293.33333333333,4293.33333333333,4283.07692307692,4284.61538461538,4298.46153846154,4315.89743589744,4324.10256410256,4307.69230769231,4296.41025641026,4295.89743589744,4286.66666666667,4283.07692307692,4292.82051282051,4293.84615384615,4294.35897435897,4296.41025641026,4290.25641025641,4293.84615384615,4293.33333333333,4284.61538461538,4293.33333333333,4306.15384615385,4305.64102564103,4301.02564102564,4298.97435897436,4297.4358974359,4298.97435897436,4295.89743589744,4289.74358974359,4289.23076923077,4291.79487179487,4294.35897435897,4291.79487179487,4286.66666666667,4288.20512820513,4298.46153846154,4305.12820512821,4298.46153846154,4294.8717948718,4308.71794871795,4310.76923076923,4295.38461538462,4305.64102564103,4321.53846153846,4309.23076923077,4290.76923076923,4294.35897435897,4305.12820512821,4306.15384615385,4306.15384615385,4310.25641025641,4310.25641025641,4307.17948717949,4311.28205128205,4315.89743589744,4305.64102564103,4300,4310.76923076923,4314.35897435897,4306.66666666667,4304.61538461538,4311.79487179487,4309.74358974359,4299.48717948718,4294.35897435897,4289.74358974359,4288.20512820513,4298.97435897436,4306.66666666667,4297.94871794872,4292.82051282051,4294.8717948718,4284.10256410256,4271.79487179487,4276.41025641026,4290.25641025641,4296.92307692308,4297.94871794872,4292.30769230769,4288.20512820513,4292.82051282051,4294.35897435897,4294.35897435897,4304.10256410256,4317.4358974359,4310.25641025641,4296.92307692308,4291.28205128205,4290.76923076923,4293.33333333333,4291.28205128205,4278.46153846154,4276.41025641026,4290.76923076923,4287.69230769231,4269.23076923077,4273.33333333333,4288.20512820513,4282.05128205128,4270.25641025641,4275.38461538462,4281.53846153846,4277.94871794872,4283.58974358974,4292.82051282051,4286.66666666667,4283.58974358974,4285.12820512821,4280,4279.48717948718,4285.64102564103,4286.15384615385,4286.66666666667,4293.33333333333,4293.84615384615,4293.84615384615,4295.89743589744,4295.89743589744,4290.76923076923,4287.69230769231,4297.94871794872,4301.02564102564,4293.33333333333,4299.48717948718,4308.20512820513,4303.07692307692,4298.46153846154,4295.38461538462,4289.23076923077,4294.8717948718,4296.92307692308,4281.53846153846,4278.97435897436,4289.23076923077,4298.46153846154,4307.17948717949,4307.17948717949,4303.07692307692,4305.64102564103,4312.82051282051,4317.4358974359,4313.84615384615,4308.71794871795,4310.25641025641,4296.41025641026,4274.35897435897,4280.51282051282,4300,4296.41025641026,4280.51282051282,4289.23076923077,4297.94871794872,4287.69230769231,4282.5641025641,4285.12820512821,4280,4275.89743589744,4283.58974358974,4288.71794871795,4291.79487179487,4285.64102564103,4275.89743589744,4284.61538461538,4291.28205128205,4283.07692307692,4277.94871794872,4284.10256410256,4284.10256410256,4277.94871794872,4281.53846153846,4284.10256410256,4278.97435897436,4281.02564102564,4292.82051282051,4294.8717948718,4292.82051282051,4299.48717948718,4295.89743589744,4290.25641025641,4295.38461538462,4286.15384615385,4276.41025641026,4288.71794871795,4293.84615384615,4297.4358974359,4316.41025641026,4301.02564102564,4276.92307692308,4294.35897435897,4306.66666666667,4301.02564102564,4310.76923076923,4312.82051282051,4294.35897435897,4287.69230769231,4299.48717948718,4315.38461538462,4311.28205128205,4296.92307692308,4301.53846153846,4305.12820512821,4289.74358974359,4291.28205128205,4309.74358974359,4313.33333333333,4306.15384615385,4300.51282051282,4295.89743589744,4293.33333333333,4297.4358974359,4306.15384615385,4305.64102564103,4297.4358974359,4287.69230769231,4294.35897435897,4302.5641025641,4292.30769230769,4293.84615384615,4300.51282051282,4289.74358974359,4289.74358974359,4311.28205128205,4308.71794871795,4294.35897435897,4293.33333333333,4282.05128205128,4272.30769230769,4275.89743589744,4281.02564102564,4287.17948717949,4292.82051282051,4291.79487179487,4288.20512820513,4296.92307692308,4314.35897435897,4308.71794871795,4285.12820512821,4274.8717948718,4276.92307692308,4287.17948717949,4306.66666666667,4302.5641025641,4278.46153846154,4276.92307692308,4283.07692307692,4276.92307692308,4274.35897435897,4268.71794871795,4262.5641025641,4268.20512820513,4276.41025641026,4277.4358974359,4276.41025641026,4280,4286.15384615385,4291.28205128205,4291.28205128205,4293.84615384615,4292.82051282051,4282.05128205128,4277.94871794872,4282.05128205128,4278.97435897436,4272.82051282051,4273.33333333333,4273.84615384615,4272.82051282051,4278.46153846154,4279.48717948718,4274.35897435897,4273.84615384615,4275.38461538462,4272.82051282051,4276.41025641026,4283.58974358974,4293.33333333333,4296.41025641026,4282.5641025641,4279.48717948718,4290.25641025641,4285.64102564103,4278.97435897436,4287.69230769231,4289.74358974359,4276.92307692308,4266.66666666667,4265.12820512821,4264.61538461538,4252.30769230769,4253.84615384615,4276.41025641026,4282.5641025641,4274.8717948718,4278.97435897436,4277.94871794872,4263.58974358974,4267.69230769231,4285.12820512821,4284.10256410256,4277.4358974359,4285.12820512821,4293.33333333333,4290.25641025641,4287.17948717949,4276.41025641026,4268.71794871795,4281.53846153846
AF4,4251.28205128205,4245.64102564103,4246.66666666667,4254.35897435897,4237.4358974359,4227.69230769231,4242.5641025641,4241.53846153846,4230.76923076923,4240.51282051282,4251.79487179487,4251.28205128205,4250.25641025641,4246.66666666667,4251.28205128205,4252.30769230769,4221.02564102564,4189.23076923077,4205.64102564103,4236.92307692308,4234.8717948718,4227.69230769231,4244.61538461538,4250.76923076923,4234.8717948718,4228.71794871795,4221.02564102564,4211.79487179487,4230.25641025641,4238.46153846154,4213.84615384615,4208.71794871795,4232.30769230769,4241.53846153846,4241.53846153846,4255.89743589744,4266.15384615385,4262.05128205128,4263.07692307692,4268.20512820513,4250.76923076923,4241.53846153846,4268.20512820513,4282.05128205128,4276.41025641026,4274.35897435897,4266.15384615385,4260.51282051282,4267.17948717949,4273.84615384615,4275.38461538462,4269.23076923077,4260.51282051282,4266.66666666667,4266.15384615385,4262.05128205128,4275.89743589744,4275.89743589744,4258.46153846154,4258.97435897436,4263.07692307692,4253.33333333333,4237.4358974359,4237.4358974359,4260,4266.66666666667,4237.94871794872,4228.20512820513,4248.20512820513,4247.69230769231,4234.35897435897,4231.28205128205,4228.71794871795,4226.66666666667,4241.02564102564,4258.97435897436,4257.4358974359,4251.79487179487,4252.82051282051,4250.25641025641,4246.15384615385,4258.97435897436,4277.4358974359,4272.30769230769,4263.07692307692,4263.07692307692,4260.51282051282,4254.35897435897,4261.53846153846,4263.58974358974,4257.4358974359,4261.02564102564,4264.10256410256,4254.8717948718,4255.89743589744,4261.02564102564,4248.71794871795,4245.64102564103,4261.02564102564,4271.28205128205,4276.41025641026,4274.35897435897,4263.07692307692,4261.53846153846,4268.71794871795,4263.07692307692,4255.38461538462,4251.28205128205,4255.89743589744,4269.23076923077,4271.28205128205,4262.05128205128,4263.07692307692,4275.89743589744,4283.07692307692,4275.89743589744,4269.74358974359,4275.89743589744,4279.48717948718,4278.46153846154,4283.07692307692,4284.61538461538,4275.89743589744,4265.12820512821,4263.07692307692,4268.20512820513,4278.46153846154,4290.76923076923,4289.74358974359,4279.48717948718,4277.4358974359,4283.58974358974,4283.58974358974,4274.35897435897,4268.20512820513,4274.35897435897,4279.48717948718,4277.94871794872,4283.58974358974,4287.17948717949,4272.82051282051,4266.15384615385,4269.23076923077,4268.20512820513,4270.76923076923,4273.33333333333,4262.5641025641,4248.20512820513,4250.25641025641,4258.97435897436,4247.69230769231,4239.48717948718,4258.46153846154,4265.12820512821,4246.15384615385,4250.76923076923,4271.28205128205,4260.51282051282,4244.61538461538,4256.41025641026,4265.12820512821,4259.48717948718,4270.76923076923,4284.61538461538,4268.71794871795,4243.58974358974,4251.28205128205,4257.4358974359,4236.41025641026,4227.17948717949,4236.41025641026,4225.12820512821,4202.05128205128,4198.46153846154,4206.66666666667,4210.76923076923,4214.8717948718,4218.97435897436,4213.33333333333,4210.76923076923,4224.61538461538,4225.12820512821,4206.15384615385,4217.94871794872,4237.4358974359,4216.92307692308,4201.53846153846,4213.33333333333,4227.69230769231,4227.69230769231,4214.8717948718,4223.07692307692,4253.33333333333,4260,4237.94871794872,4230.76923076923,4235.89743589744,4248.20512820513,4258.97435897436,4252.30769230769,4253.84615384615,4258.46153846154,4249.74358974359,4243.58974358974,4247.69230769231,4254.8717948718,4258.97435897436,4250.76923076923,4234.8717948718,4244.10256410256,4260,4256.92307692308,4258.46153846154,4267.69230769231,4266.15384615385,4257.94871794872,4268.20512820513,4282.5641025641,4275.89743589744,4265.12820512821,4265.12820512821,4265.64102564103,4260.51282051282,4264.61538461538,4262.05128205128,4245.64102564103,4242.05128205128,4260,4273.33333333333,4252.30769230769,4231.28205128205,4244.10256410256,4254.35897435897,4249.74358974359,4243.58974358974,4236.41025641026,4234.35897435897,4237.94871794872,4233.33333333333,4228.71794871795,4237.4358974359,4232.30769230769,4230.76923076923,4246.66666666667,4240,4226.15384615385,4232.30769230769,4241.02564102564,4242.5641025641,4248.71794871795,4256.41025641026,4264.61538461538,4280,4285.12820512821,4274.35897435897,4268.20512820513,4274.35897435897,4269.74358974359,4253.84615384615,4260,4282.05128205128,4281.53846153846,4274.8717948718,4278.46153846154,4268.71794871795,4267.17948717949,4280.51282051282,4279.48717948718,4275.38461538462,4283.58974358974,4268.71794871795,4249.74358974359,4269.23076923077,4292.30769230769,4289.74358974359,4274.35897435897,4264.10256410256,4262.5641025641,4266.66666666667,4270.25641025641,4280.51282051282,4294.35897435897,4292.30769230769,4280,4270.76923076923,4270.25641025641,4284.61538461538,4299.48717948718,4276.92307692308,4243.07692307692,4256.92307692308,4290.76923076923,4281.02564102564,4256.92307692308,4269.23076923077,4280.51282051282,4267.17948717949,4266.15384615385,4280.51282051282,4285.64102564103,4268.20512820513,4249.23076923077,4241.53846153846,4237.4358974359,4233.84615384615,4240.51282051282,4247.17948717949,4236.41025641026,4235.89743589744,4257.94871794872,4272.82051282051,4270.76923076923,4260,4249.74358974359,4252.30769230769,4268.71794871795,4288.20512820513,4292.82051282051,4282.05128205128,4270.76923076923,4263.58974358974,4252.82051282051,4248.71794871795,4259.48717948718,4267.17948717949,4262.05128205128,4248.20512820513,4244.10256410256,4267.69230769231,4284.61538461538,4272.30769230769,4254.8717948718,4264.10256410256,4292.82051282051,4288.71794871795,4255.38461538462,4251.79487179487,4272.82051282051,4267.17948717949,4241.53846153846,4236.92307692308,4262.05128205128,4271.28205128205,4247.69230769231,4237.94871794872,4257.4358974359,4263.07692307692,4252.30769230769,4236.41025641026,4226.66666666667,4247.17948717949,4270.25641025641,4269.23076923077,4261.53846153846,4251.79487179487,4243.07692307692,4250.25641025641,4251.28205128205,4235.89743589744,4239.48717948718,4247.17948717949,4239.48717948718,4233.84615384615,4225.12820512821,4210.25641025641,4212.82051282051,4224.61538461538,4232.82051282051,4231.28205128205,4218.97435897436,4221.53846153846,4230.76923076923,4225.12820512821,4229.74358974359,4249.74358974359,4249.23076923077,4241.02564102564,4250.76923076923,4251.79487179487,4247.69230769231,4247.69230769231,4241.53846153846,4242.5641025641,4252.30769230769
T7,4240.51282051282,4227.69230769231,4236.41025641026,4249.23076923077,4245.64102564103,4240.51282051282,4250.25641025641,4252.30769230769,4243.58974358974,4243.07692307692,4247.17948717949,4248.20512820513,4250.25641025641,4244.10256410256,4242.05128205128,4250.25641025641,4251.28205128205,4241.53846153846,4245.12820512821,4255.89743589744,4254.8717948718,4242.5641025641,4234.35897435897,4237.94871794872,4237.94871794872,4229.74358974359,4229.23076923077,4239.48717948718,4250.76923076923,4238.97435897436,4216.92307692308,4215.38461538462,4231.79487179487,4231.79487179487,4223.58974358974,4238.46153846154,4248.71794871795,4238.97435897436,4239.48717948718,4253.33333333333,4251.28205128205,4245.12820512821,4247.17948717949,4239.48717948718,4238.46153846154,4243.58974358974,4240.51282051282,4244.61538461538,4251.28205128205,4247.17948717949,4240.51282051282,4242.05128205128,4250.25641025641,4252.30769230769,4238.97435897436,4234.8717948718,4247.17948717949,4252.30769230769,4251.28205128205,4245.12820512821,4235.38461538462,4235.89743589744,4239.48717948718,4235.89743589744,4237.4358974359,4236.92307692308,4230.76923076923,4230.25641025641,4232.30769230769,4230.25641025641,4232.82051282051,4228.20512820513,4227.17948717949,4245.64102564103,4247.69230769231,4230.76923076923,4241.02564102564,4260.51282051282,4251.28205128205,4241.53846153846,4247.17948717949,4247.69230769231,4257.94871794872,4272.30769230769,4264.10256410256,4249.23076923077,4254.35897435897,4260,4252.82051282051,4249.23076923077,4250.25641025641,4250.76923076923,4243.07692307692,4234.35897435897,4236.41025641026,4240,4237.94871794872,4244.10256410256,4258.46153846154,4260.51282051282,4248.71794871795,4233.84615384615,4231.28205128205,4243.07692307692,4248.71794871795,4243.07692307692,4236.41025641026,4235.38461538462,4248.71794871795,4258.97435897436,4251.79487179487,4247.69230769231,4257.94871794872,4266.15384615385,4265.12820512821,4266.15384615385,4268.20512820513,4264.61538461538,4262.5641025641,4262.05128205128,4262.05128205128,4262.5641025641,4257.4358974359,4247.69230769231,4248.71794871795,4252.30769230769,4248.20512820513,4256.41025641026,4264.10256410256,4252.30769230769,4244.10256410256,4250.76923076923,4248.20512820513,4241.02564102564,4255.38461538462,4268.20512820513,4254.35897435897,4244.10256410256,4256.41025641026,4257.4358974359,4246.66666666667,4247.69230769231,4237.94871794872,4236.41025641026,4257.94871794872,4256.92307692308,4245.12820512821,4258.97435897436,4261.53846153846,4243.07692307692,4237.4358974359,4247.17948717949,4258.97435897436,4255.38461538462,4245.12820512821,4248.71794871795,4249.74358974359,4238.97435897436,4240,4247.17948717949,4242.05128205128,4241.53846153846,4248.20512820513,4244.10256410256,4233.84615384615,4232.30769230769,4233.84615384615,4232.30769230769,4232.30769230769,4233.84615384615,4233.33333333333,4231.28205128205,4232.82051282051,4246.15384615385,4251.79487179487,4234.8717948718,4230.25641025641,4246.15384615385,4249.23076923077,4248.20512820513,4262.05128205128,4259.48717948718,4236.92307692308,4234.8717948718,4240.51282051282,4233.84615384615,4235.89743589744,4247.17948717949,4255.89743589744,4255.89743589744,4241.53846153846,4229.74358974359,4244.10256410256,4257.94871794872,4253.84615384615,4243.07692307692,4241.02564102564,4251.28205128205,4248.71794871795,4239.48717948718,4253.33333333333,4262.5641025641,4248.20512820513,4245.12820512821,4247.69230769231,4241.02564102564,4251.79487179487,4258.46153846154,4233.33333333333,4223.07692307692,4246.15384615385,4264.10256410256,4261.53846153846,4251.28205128205,4247.69230769231,4254.8717948718,4257.94871794872,4260,4260.51282051282,4251.79487179487,4249.74358974359,4251.79487179487,4241.53846153846,4241.53846153846,4247.69230769231,4238.46153846154,4236.92307692308,4251.79487179487,4253.33333333333,4247.69230769231,4245.12820512821,4237.4358974359,4241.02564102564,4246.66666666667,4233.33333333333,4230.76923076923,4252.82051282051,4251.28205128205,4231.79487179487,4234.8717948718,4241.53846153846,4238.97435897436,4240.51282051282,4246.66666666667,4249.23076923077,4244.61538461538,4233.33333333333,4231.79487179487,4234.8717948718,4231.79487179487,4241.02564102564,4248.20512820513,4243.58974358974,4248.20512820513,4250.76923076923,4238.46153846154,4242.05128205128,4247.17948717949,4233.84615384615,4235.38461538462,4246.15384615385,4248.71794871795,4248.71794871795,4242.5641025641,4234.8717948718,4244.10256410256,4256.41025641026,4255.89743589744,4261.02564102564,4263.58974358974,4249.74358974359,4240.51282051282,4245.12820512821,4254.35897435897,4255.89743589744,4252.82051282051,4253.84615384615,4250.25641025641,4234.8717948718,4224.61538461538,4236.92307692308,4253.33333333333,4257.4358974359,4256.41025641026,4245.12820512821,4231.79487179487,4238.97435897436,4254.8717948718,4257.94871794872,4241.53846153846,4228.20512820513,4258.46153846154,4284.10256410256,4259.48717948718,4238.97435897436,4253.84615384615,4251.28205128205,4241.02564102564,4256.92307692308,4266.15384615385,4261.02564102564,4252.82051282051,4235.38461538462,4232.30769230769,4242.05128205128,4239.48717948718,4233.33333333333,4242.5641025641,4253.33333333333,4242.5641025641,4237.4358974359,4260.51282051282,4260.51282051282,4233.33333333333,4225.64102564103,4234.35897435897,4238.46153846154,4251.28205128205,4252.30769230769,4231.28205128205,4236.41025641026,4246.66666666667,4236.92307692308,4236.92307692308,4250.25641025641,4255.89743589744,4245.64102564103,4236.92307692308,4241.53846153846,4251.28205128205,4254.35897435897,4248.20512820513,4240.51282051282,4240,4250.25641025641,4251.79487179487,4234.8717948718,4231.79487179487,4240,4238.97435897436,4242.5641025641,4249.74358974359,4237.4358974359,4227.69230769231,4240.51282051282,4254.8717948718,4250.25641025641,4236.92307692308,4236.92307692308,4251.79487179487,4252.30769230769,4241.53846153846,4249.23076923077,4259.48717948718,4244.10256410256,4227.17948717949,4240,4251.28205128205,4232.82051282051,4228.71794871795,4251.79487179487,4253.84615384615,4237.94871794872,4234.8717948718,4238.97435897436,4232.82051282051,4230.76923076923,4238.46153846154,4240,4235.89743589744,4244.61538461538,4245.12820512821,4241.53846153846,4258.46153846154,4258.97435897436,4230.25641025641,4221.02564102564,4236.41025641026,4242.5641025641,4244.61538461538,4252.30769230769,4242.05128205128,4236.41025641026,4247.17948717949
T8,4201.53846153846,4201.02564102564,4189.23076923077,4191.28205128205,4193.33333333333,4176.41025641026,4166.66666666667,4174.35897435897,4181.02564102564,4194.35897435897,4204.61538461538,4184.61538461538,4170.76923076923,4195.38461538462,4200,4177.94871794872,4173.33333333333,4168.20512820513,4166.66666666667,4192.30769230769,4213.33333333333,4205.12820512821,4197.94871794872,4203.07692307692,4197.94871794872,4188.71794871795,4176.41025641026,4166.66666666667,4175.89743589744,4190.76923076923,4181.53846153846,4149.23076923077,4146.15384615385,4182.05128205128,4201.02564102564,4194.35897435897,4197.4358974359,4192.30769230769,4171.79487179487,4186.15384615385,4211.79487179487,4197.94871794872,4184.61538461538,4186.66666666667,4187.17948717949,4201.53846153846,4214.35897435897,4208.71794871795,4197.4358974359,4185.12820512821,4188.20512820513,4208.20512820513,4218.46153846154,4203.58974358974,4187.17948717949,4192.30769230769,4200.51282051282,4198.46153846154,4197.94871794872,4197.4358974359,4173.33333333333,4163.07692307692,4184.10256410256,4183.58974358974,4168.20512820513,4167.69230769231,4175.38461538462,4167.69230769231,4149.23076923077,4151.79487179487,4173.84615384615,4193.84615384615,4192.30769230769,4165.64102564103,4158.97435897436,4187.17948717949,4188.71794871795,4184.10256410256,4206.66666666667,4186.66666666667,4150.76923076923,4185.64102564103,4227.17948717949,4208.20512820513,4186.15384615385,4189.23076923077,4196.41025641026,4210.25641025641,4211.28205128205,4200.51282051282,4203.58974358974,4192.30769230769,4167.69230769231,4184.61538461538,4218.46153846154,4202.05128205128,4175.38461538462,4185.64102564103,4190.25641025641,4166.66666666667,4165.12820512821,4203.58974358974,4220,4205.12820512821,4195.89743589744,4180,4174.8717948718,4189.23076923077,4184.10256410256,4184.10256410256,4206.15384615385,4194.8717948718,4176.92307692308,4206.15384615385,4226.15384615385,4211.79487179487,4212.82051282051,4214.8717948718,4189.23076923077,4180.51282051282,4203.07692307692,4213.33333333333,4194.35897435897,4182.5641025641,4192.82051282051,4200,4197.4358974359,4207.69230769231,4219.48717948718,4208.20512820513,4198.46153846154,4195.38461538462,4190.25641025641,4203.07692307692,4214.8717948718,4197.94871794872,4205.12820512821,4232.82051282051,4210.76923076923,4183.07692307692,4205.64102564103,4220,4193.33333333333,4186.15384615385,4196.92307692308,4182.5641025641,4186.66666666667,4218.97435897436,4211.79487179487,4177.4358974359,4167.17948717949,4173.33333333333,4190.76923076923,4209.74358974359,4197.94871794872,4181.02564102564,4185.64102564103,4186.66666666667,4183.58974358974,4184.10256410256,4186.66666666667,4199.48717948718,4206.15384615385,4194.8717948718,4176.92307692308,4175.89743589744,4189.23076923077,4182.5641025641,4170.25641025641,4182.5641025641,4185.12820512821,4164.10256410256,4162.05128205128,4180.51282051282,4189.23076923077,4201.53846153846,4200,4178.46153846154,4171.79487179487,4166.15384615385,4165.64102564103,4196.41025641026,4201.53846153846,4169.23076923077,4173.33333333333,4191.79487179487,4176.92307692308,4162.05128205128,4157.94871794872,4166.66666666667,4190.76923076923,4192.30769230769,4177.94871794872,4194.35897435897,4189.74358974359,4152.82051282051,4170.76923076923,4207.69230769231,4192.82051282051,4178.97435897436,4206.15384615385,4186.66666666667,4144.61538461538,4164.61538461538,4182.05128205128,4183.07692307692,4206.15384615385,4211.28205128205,4180,4165.64102564103,4176.41025641026,4191.79487179487,4205.12820512821,4185.12820512821,4163.58974358974,4187.69230769231,4225.64102564103,4230.76923076923,4219.48717948718,4216.92307692308,4192.30769230769,4157.94871794872,4173.84615384615,4203.07692307692,4194.8717948718,4185.12820512821,4181.53846153846,4187.69230769231,4203.58974358974,4193.84615384615,4177.4358974359,4189.74358974359,4186.66666666667,4166.15384615385,4167.17948717949,4169.74358974359,4175.89743589744,4190.76923076923,4187.17948717949,4169.23076923077,4158.97435897436,4177.4358974359,4201.02564102564,4208.71794871795,4207.17948717949,4180,4152.30769230769,4176.41025641026,4213.84615384615,4201.02564102564,4172.30769230769,4166.66666666667,4184.61538461538,4224.10256410256,4224.61538461538,4193.84615384615,4181.02564102564,4169.74358974359,4168.71794871795,4196.92307692308,4207.17948717949,4180.51282051282,4175.89743589744,4202.5641025641,4203.58974358974,4183.58974358974,4175.89743589744,4193.84615384615,4218.46153846154,4213.84615384615,4187.69230769231,4177.4358974359,4193.33333333333,4194.8717948718,4170.76923076923,4172.82051282051,4204.10256410256,4207.17948717949,4180,4178.97435897436,4198.46153846154,4209.74358974359,4220.51282051282,4216.41025641026,4197.4358974359,4187.69230769231,4198.46153846154,4205.64102564103,4184.10256410256,4166.15384615385,4190.25641025641,4213.33333333333,4197.94871794872,4178.97435897436,4181.53846153846,4199.48717948718,4218.97435897436,4214.35897435897,4195.38461538462,4200.51282051282,4223.58974358974,4225.64102564103,4208.71794871795,4184.10256410256,4172.82051282051,4200.51282051282,4219.48717948718,4185.64102564103,4170.25641025641,4220,4255.38461538462,4216.92307692308,4170.76923076923,4195.89743589744,4232.82051282051,4211.28205128205,4181.02564102564,4197.94871794872,4222.5641025641,4224.10256410256,4207.69230769231,4185.12820512821,4195.89743589744,4205.12820512821,4191.28205128205,4201.02564102564,4218.46153846154,4205.12820512821,4189.74358974359,4211.28205128205,4217.94871794872,4198.97435897436,4208.20512820513,4226.15384615385,4212.82051282051,4200,4217.4358974359,4223.07692307692,4209.23076923077,4191.79487179487,4183.07692307692,4206.66666666667,4225.12820512821,4198.97435897436,4191.28205128205,4231.28205128205,4234.35897435897,4201.53846153846,4190.25641025641,4187.17948717949,4195.89743589744,4211.28205128205,4219.48717948718,4217.94871794872,4201.53846153846,4184.61538461538,4210.76923076923,4244.10256410256,4200.51282051282,4157.94871794872,4197.94871794872,4226.66666666667,4178.97435897436,4159.48717948718,4207.69230769231,4220,4188.71794871795,4188.20512820513,4191.79487179487,4174.35897435897,4165.64102564103,4173.84615384615,4184.10256410256,4203.07692307692,4210.76923076923,4191.79487179487,4190.25641025641,4215.89743589744,4229.74358974359,4218.46153846154,4189.74358974359,4180.51282051282,4212.30769230769,4237.4358974359
Pz,4150.76923076923,4137.4358974359,4127.69230769231,4134.8717948718,4130.25641025641,4126.66666666667,4139.48717948718,4137.94871794872,4125.12820512821,4130.76923076923,4140,4139.48717948718,4138.46153846154,4137.4358974359,4140,4141.02564102564,4133.33333333333,4129.23076923077,4137.4358974359,4147.69230769231,4154.8717948718,4156.41025641026,4147.17948717949,4144.61538461538,4145.64102564103,4138.46153846154,4130.76923076923,4133.33333333333,4137.94871794872,4128.20512820513,4112.30769230769,4111.28205128205,4131.79487179487,4143.07692307692,4128.71794871795,4122.05128205128,4135.89743589744,4145.12820512821,4139.48717948718,4137.94871794872,4134.35897435897,4131.28205128205,4137.4358974359,4138.97435897436,4134.8717948718,4133.84615384615,4136.41025641026,4143.07692307692,4152.82051282051,4156.92307692308,4149.74358974359,4143.07692307692,4144.10256410256,4156.92307692308,4157.4358974359,4140,4137.94871794872,4150.25641025641,4149.74358974359,4141.02564102564,4138.46153846154,4141.02564102564,4138.97435897436,4135.38461538462,4136.41025641026,4139.48717948718,4134.8717948718,4135.89743589744,4141.02564102564,4135.38461538462,4133.84615384615,4132.82051282051,4131.28205128205,4136.41025641026,4142.05128205128,4147.17948717949,4152.82051282051,4155.38461538462,4150.25641025641,4143.07692307692,4134.8717948718,4142.05128205128,4165.12820512821,4170.25641025641,4155.89743589744,4142.5641025641,4145.64102564103,4148.20512820513,4144.10256410256,4149.74358974359,4155.38461538462,4151.28205128205,4149.23076923077,4150.76923076923,4150.76923076923,4145.64102564103,4139.48717948718,4147.17948717949,4157.4358974359,4148.71794871795,4137.94871794872,4131.79487179487,4126.15384615385,4125.64102564103,4128.20512820513,4121.02564102564,4112.82051282051,4110.25641025641,4118.97435897436,4134.8717948718,4137.94871794872,4134.8717948718,4136.92307692308,4143.07692307692,4151.28205128205,4156.41025641026,4156.41025641026,4152.82051282051,4150.76923076923,4152.82051282051,4157.4358974359,4151.79487179487,4140.51282051282,4134.35897435897,4128.20512820513,4118.46153846154,4120.51282051282,4132.30769230769,4133.33333333333,4131.28205128205,4140.51282051282,4144.10256410256,4137.4358974359,4142.05128205128,4157.4358974359,4161.02564102564,4148.71794871795,4142.05128205128,4150.25641025641,4154.8717948718,4152.82051282051,4148.71794871795,4136.92307692308,4133.84615384615,4153.84615384615,4154.8717948718,4137.4358974359,4135.89743589744,4134.8717948718,4122.05128205128,4115.89743589744,4125.12820512821,4133.84615384615,4126.66666666667,4118.97435897436,4124.61538461538,4126.66666666667,4117.94871794872,4121.53846153846,4127.69230769231,4124.61538461538,4125.64102564103,4130.25641025641,4126.15384615385,4121.53846153846,4119.48717948718,4117.4358974359,4114.8717948718,4113.84615384615,4113.84615384615,4114.35897435897,4107.69230769231,4099.48717948718,4104.10256410256,4110.25641025641,4107.17948717949,4105.64102564103,4109.23076923077,4114.8717948718,4120.51282051282,4125.12820512821,4124.61538461538,4121.53846153846,4122.5641025641,4121.53846153846,4110.76923076923,4107.69230769231,4117.4358974359,4125.12820512821,4121.53846153846,4111.79487179487,4110.25641025641,4123.07692307692,4129.23076923077,4119.48717948718,4113.84615384615,4111.28205128205,4112.82051282051,4121.53846153846,4122.5641025641,4120,4120,4123.07692307692,4128.20512820513,4128.71794871795,4120.51282051282,4121.02564102564,4126.66666666667,4117.4358974359,4110.25641025641,4122.05128205128,4138.46153846154,4139.48717948718,4138.46153846154,4146.66666666667,4145.64102564103,4143.58974358974,4148.20512820513,4146.15384615385,4133.84615384615,4126.15384615385,4120.51282051282,4113.84615384615,4118.97435897436,4124.10256410256,4121.53846153846,4118.46153846154,4121.02564102564,4123.58974358974,4122.5641025641,4120.51282051282,4121.02564102564,4122.5641025641,4122.5641025641,4121.53846153846,4118.97435897436,4122.05128205128,4124.61538461538,4115.38461538462,4109.74358974359,4118.97435897436,4124.10256410256,4119.48717948718,4121.53846153846,4122.05128205128,4113.84615384615,4107.69230769231,4107.69230769231,4108.20512820513,4111.79487179487,4118.97435897436,4120.51282051282,4118.97435897436,4123.07692307692,4123.58974358974,4118.97435897436,4118.46153846154,4122.5641025641,4120.51282051282,4112.82051282051,4109.74358974359,4120,4124.61538461538,4109.74358974359,4106.66666666667,4122.05128205128,4126.66666666667,4124.61538461538,4122.05128205128,4112.82051282051,4101.53846153846,4101.53846153846,4111.28205128205,4121.02564102564,4120.51282051282,4115.89743589744,4121.53846153846,4124.10256410256,4120,4120.51282051282,4123.07692307692,4124.10256410256,4123.07692307692,4121.02564102564,4118.97435897436,4118.97435897436,4120.51282051282,4123.07692307692,4127.17948717949,4118.46153846154,4103.07692307692,4111.79487179487,4127.17948717949,4120.51282051282,4117.94871794872,4128.71794871795,4122.05128205128,4115.38461538462,4130.76923076923,4139.48717948718,4137.4358974359,4134.8717948718,4123.07692307692,4114.35897435897,4121.53846153846,4123.58974358974,4117.4358974359,4125.12820512821,4142.05128205128,4138.97435897436,4134.8717948718,4150.25641025641,4151.79487179487,4127.17948717949,4118.46153846154,4129.74358974359,4136.92307692308,4138.46153846154,4138.46153846154,4131.28205128205,4131.28205128205,4135.89743589744,4133.84615384615,4130.76923076923,4133.33333333333,4138.46153846154,4137.4358974359,4135.89743589744,4143.58974358974,4155.89743589744,4161.02564102564,4149.74358974359,4143.07692307692,4151.79487179487,4156.41025641026,4154.35897435897,4153.33333333333,4149.74358974359,4145.64102564103,4148.71794871795,4154.8717948718,4155.89743589744,4145.12820512821,4140,4147.69230769231,4156.92307692308,4157.4358974359,4151.79487179487,4149.23076923077,4163.58974358974,4171.79487179487,4156.41025641026,4154.8717948718,4170.25641025641,4161.53846153846,4149.23076923077,4158.46153846154,4162.05128205128,4152.82051282051,4146.15384615385,4141.02564102564,4146.66666666667,4151.79487179487,4143.07692307692,4134.8717948718,4134.8717948718,4133.33333333333,4136.92307692308,4139.48717948718,4137.4358974359,4142.5641025641,4143.07692307692,4141.02564102564,4153.33333333333,4154.8717948718,4136.92307692308,4131.28205128205,4140,4135.89743589744,4137.4358974359,4152.82051282051,4148.71794871795,4131.79487179487,4136.41025641026
