,AF3,F7,F3,FC5,T7,P7,O1,O2,P8,T8,FC6,F4,F8,AF4
0,4456.923076,4510.256410,4519.487179,4267.179487,4506.153846,4200.000000,4402.564102,4194.871794,4204.615384,4460.512820,4200.512820,4644.615384,3978.974359,4046.153846
1,4459.487179,4513.333333,4522.051282,4270.256410,4507.692307,4206.153846,4410.256410,4202.564102,4206.153846,4465.641025,4202.564102,4642.564102,3982.564103,4051.794871
2,4460.512820,4518.461538,4526.666666,4272.307692,4515.384615,4214.871794,4412.307692,4204.615384,4208.205128,4468.205128,4204.615384,4646.666666,3987.179488,4058.461538
3,4460.512820,4521.538461,4528.205128,4274.871794,4518.974358,4215.384615,4411.282051,4204.102564,4209.743589,4465.128205,4202.564102,4648.717948,3990.256411,4057.435897
4,4456.923076,4513.846153,4522.051282,4272.820512,4511.794871,4210.256410,4412.820512,4203.076923,4205.128205,4461.538461,4200.000000,4646.666666,3985.128206,4051.794871
5,4451.282051,4503.076923,4515.897435,4264.102564,4505.128205,4207.179487,4412.307692,4198.461538,4198.461538,4458.974358,4197.435897,4645.128205,3973.846154,4045.128205
6,4451.794871,4504.615384,4520.512820,4262.564102,4508.717948,4207.692307,4410.769230,4197.948717,4196.923076,4458.461538,4195.897435,4648.717948,3975.384616,4046.666666
7,4458.974358,4514.871794,4530.769230,4273.333333,4517.435897,4212.820512,4414.358974,4204.102564,4205.641025,4470.256410,4201.025641,4654.871794,3987.692308,4055.384615
8,4464.102564,4517.948717,4530.769230,4280.000000,4520.000000,4219.487179,4417.435897,4206.666666,4212.820512,4477.435897,4205.128205,4656.923076,3988.717949,4060.512820
9,4458.461538,4511.794871,4519.487179,4273.846153,4517.435897,4219.487179,4415.897435,4203.076923,4207.179487,4464.615384,4197.435897,4646.153846,3974.871795,4050.769230
10,4447.179487,4503.589743,4509.743589,4262.564102,4514.871794,4214.871794,4412.307692,4195.897435,4195.897435,4449.743589,4183.076923,4632.307692,3966.153847,4037.948717
11,4450.256410,4504.102564,4511.794871,4261.025641,4513.333333,4214.871794,4410.769230,4189.230769,4191.282051,4447.692307,4181.538461,4631.282051,3971.282052,4037.435897
12,4459.487179,4509.743589,4517.435897,4269.230769,4508.717948,4217.948717,4413.846153,4189.230769,4192.307692,4454.871794,4192.307692,4641.025641,3975.897436,4045.128205
13,4462.051282,4513.846153,4520.512820,4274.871794,4507.179487,4214.358974,4413.846153,4196.410256,4197.948717,4463.076923,4198.461538,4649.743589,3979.487180,4051.794871
14,4466.666666,4518.461538,4524.102564,4276.923076,4509.743589,4210.256410,4408.717948,4201.025641,4203.076923,4469.743589,4205.128205,4655.897435,3987.692308,4056.923076
15,4470.256410,4522.564102,4528.717948,4279.487179,4509.743589,4213.846153,4407.179487,4200.512820,4202.051282,4472.820512,4216.410256,4656.923076,3989.743590,4059.487179
16,4461.538461,4518.461538,4524.615384,4276.923076,4506.666666,4213.333333,4407.692307,4195.384615,4200.512820,4467.692307,4211.794871,4652.820512,3983.076924,4053.846153
17,4456.410256,4513.333333,4517.435897,4271.794871,4509.743589,4208.205128,4407.179487,4191.794871,4201.025641,4460.512820,4200.000000,4650.256410,3980.512821,4048.717948
18,4463.076923,4515.897435,4521.025641,4274.871794,4514.358974,4212.820512,4414.358974,4197.435897,4203.076923,4462.051282,4201.025641,4653.333333,3982.564103,4051.794871
19,4463.589743,4515.897435,4527.692307,4280.512820,4514.871794,4220.000000,4419.487179,4204.102564,4205.128205,4466.666666,4204.102564,4653.846153,3981.538462,4052.307692
20,4459.487179,4513.333333,4526.153846,4278.974358,4517.435897,4217.435897,4412.820512,4202.051282,4206.666666,4469.230769,4200.000000,4651.794871,3984.615385,4050.256410
21,4464.102564,4519.487179,4521.538461,4276.923076,4517.948717,4209.743589,4409.230769,4198.974358,4209.743589,4473.333333,4200.512820,4651.282051,3992.820513,4052.307692
22,4468.205128,4527.179487,4525.641025,4280.512820,4515.897435,4209.743589,4413.846153,4205.641025,4214.358974,4475.384615,4209.743589,4654.358974,3994.358975,4051.794871
23,4465.641025,4521.538461,4527.179487,4279.487179,4517.435897,4213.846153,4414.871794,4212.820512,4214.871794,4475.384615,4214.358974,4655.384615,3989.230770,4045.128205
24,4460.000000,4512.307692,4521.538461,4270.769230,4513.846153,4207.179487,4411.794871,4208.717948,4207.692307,4471.794871,4208.717948,4648.717948,3980.512821,4036.410256
25,4457.435897,4508.717948,4516.923076,4270.256410,4505.641025,4199.487179,4412.820512,4202.564102,4202.564102,4463.076923,4200.512820,4644.615384,3973.333334,4029.230769
26,4456.923076,4508.205128,4516.410256,4274.358974,4508.205128,4202.051282,4414.871794,4201.538461,4197.435897,4458.974358,4193.846153,4644.102564,3970.256411,4023.076923
27,4455.897435,4510.769230,4513.333333,4271.794871,4511.794871,4203.589743,4413.333333,4200.000000,4193.333333,4458.461538,4189.230769,4637.435897,3966.153847,4017.948717
28,4455.897435,4513.846153,4512.307692,4269.743589,4506.153846,4198.461538,4410.256410,4195.897435,4193.846153,4456.923076,4194.358974,4632.820512,3963.076924,4015.384615
29,4460.000000,4521.025641,4522.051282,4277.435897,4507.179487,4202.051282,4412.820512,4196.923076,4197.948717,4460.512820,4205.641025,4644.615384,3971.282052,4023.076923
30,4463.589743,4523.589743,4527.692307,4281.025641,4511.282051,4205.128205,4415.384615,4200.512820,4198.461538,4463.076923,4204.615384,4653.846153,3977.435898,4031.282051
31,4455.897435,4514.871794,4520.000000,4268.717948,4503.589743,4200.512820,4411.794871,4200.512820,4193.846153,4455.384615,4191.794871,4645.641025,3970.256411,4025.128205
32,4451.794871,4508.717948,4516.410256,4264.102564,4497.948717,4202.051282,4411.794871,4200.512820,4192.307692,4450.256410,4189.743589,4640.512820,3964.615385,4017.435897
33,4455.897435,4507.692307,4516.410256,4270.769230,4503.589743,4202.051282,4414.871794,4200.512820,4194.871794,4456.410256,4196.923076,4644.615384,3968.205129,4018.974358
34,4454.871794,4505.128205,4516.410256,4272.307692,4506.153846,4198.974358,4413.333333,4201.538461,4200.512820,4461.025641,4200.000000,4645.641025,3972.820513,4022.564102
35,4456.410256,4511.794871,4518.461538,4274.358974,4510.256410,4207.179487,4416.923076,4207.179487,4203.076923,4462.051282,4198.974358,4642.051282,3974.871795,4026.153846
36,4462.564102,4521.025641,4520.512820,4279.487179,4515.897435,4212.307692,4422.051282,4208.717948,4203.076923,4464.615384,4199.487179,4641.025641,3975.384616,4028.205128
37,4458.461538,4514.358974,4512.820512,4273.333333,4510.769230,4203.076923,4415.384615,4202.051282,4203.076923,4463.076923,4200.512820,4639.487179,3971.794872,4023.076923
38,4451.282051,4509.230769,4508.205128,4268.205128,4508.205128,4199.487179,4409.743589,4199.487179,4200.512820,4461.025641,4198.974358,4635.897435,3971.794872,4019.487179
39,4458.461538,4516.410256,4512.307692,4274.358974,4515.897435,4206.153846,4417.435897,4201.538461,4202.564102,4458.974358,4202.051282,4633.846153,3972.820513,4023.589743
40,4455.384615,4512.820512,4512.820512,4272.820512,4517.435897,4206.153846,4420.000000,4194.871794,4202.564102,4452.820512,4205.128205,4631.282051,3967.179488,4022.051282
41,4442.564102,4503.589743,4507.179487,4263.589743,4515.384615,4201.025641,4413.333333,4186.153846,4192.820512,4444.615384,4196.923076,4627.692307,3961.538462,4017.435897
42,4445.641025,4507.179487,4507.179487,4265.128205,4520.512820,4203.076923,4413.333333,4191.282051,4190.256410,4443.076923,4186.666666,4628.717948,3964.102565,4021.025641
43,4452.307692,4509.743589,4512.307692,4271.794871,4522.564102,4206.666666,4417.435897,4200.512820,4200.000000,4448.205128,4190.256410,4632.820512,3964.102565,4023.589743
44,4445.641025,4504.102564,4509.743589,4268.205128,4520.512820,4205.128205,4416.410256,4197.948717,4200.000000,4449.230769,4191.282051,4631.282051,3957.948718,4018.974358
45,4440.512820,4505.641025,4506.153846,4266.666666,4523.589743,4199.487179,4413.333333,4192.820512,4192.307692,4449.230769,4188.717948,4629.230769,3960.512821,4021.025641
46,4447.692307,4513.846153,4510.769230,4271.794871,4523.589743,4197.435897,4410.769230,4198.461538,4198.461538,4452.820512,4191.282051,4632.307692,3971.794872,4028.205128
47,4452.307692,4514.358974,4512.307692,4273.333333,4524.615384,4201.538461,4410.769230,4203.589743,4205.641025,4453.846153,4192.820512,4634.871794,3973.333334,4030.256410
48,4448.205128,4507.179487,4506.666666,4270.256410,4528.717948,4203.589743,4419.487179,4200.512820,4203.076923,4445.128205,4194.871794,4635.897435,3961.025642,4029.743589
49,4444.615384,4501.025641,4506.666666,4267.692307,4528.205128,4201.538461,4424.102564,4197.435897,4197.435897,4438.974358,4196.410256,4634.358974,3952.307693,4029.743589
50,4443.076923,4498.974358,4510.256410,4266.153846,4524.102564,4200.000000,4415.897435,4198.974358,4194.358974,4446.153846,4192.307692,4630.769230,3955.384616,4029.743589
51,4444.615384,4501.538461,4511.282051,4267.179487,4521.025641,4199.487179,4413.333333,4201.538461,4195.384615,4448.717948,4192.307692,4631.282051,3957.435898,4032.307692
52,4451.794871,4507.179487,4514.871794,4275.897435,4525.128205,4201.538461,4423.589743,4208.205128,4203.076923,4445.128205,4201.538461,4640.000000,3963.589744,4040.512820
53,4459.487179,4514.358974,4521.025641,4282.051282,4536.410256,4209.230769,4430.769230,4213.333333,4212.307692,4452.307692,4205.641025,4646.666666,3974.871795,4047.692307
54,4456.410256,4517.948717,4520.512820,4278.461538,4539.487179,4212.307692,4421.538461,4209.743589,4210.769230,4459.487179,4200.512820,4641.538461,3973.846154,4045.641025
55,4445.128205,4510.256410,4512.820512,4271.794871,4527.692307,4204.615384,4412.307692,4200.512820,4200.512820,4449.743589,4191.794871,4629.743589,3959.487180,4035.897435
56,4443.076923,4502.564102,4511.794871,4271.794871,4527.692307,4204.102564,4418.461538,4198.461538,4196.923076,4442.564102,4190.256410,4632.307692,3956.923077,4033.333333
57,4446.153846,4507.692307,4517.948717,4276.410256,4537.435897,4207.692307,4424.615384,4203.076923,4197.948717,4448.717948,4199.487179,4640.512820,3963.589744,4038.974358
58,4445.641025,4511.282051,4518.974358,4276.923076,4535.897435,4204.102564,4421.025641,4201.538461,4197.435897,4449.230769,4202.564102,4637.948717,3964.102565,4039.487179
59,4444.102564,4505.641025,4516.410256,4273.846153,4529.743589,4199.487179,4416.923076,4197.435897,4196.410256,4441.538461,4198.461538,4633.333333,3956.410257,4032.307692
60,4441.025641,4504.615384,4514.871794,4268.205128,4526.153846,4200.512820,4414.358974,4199.487179,4192.820512,4435.384615,4190.769230,4631.282051,3948.717949,4027.692307
61,4437.435897,4505.128205,4511.794871,4270.256410,4526.666666,4205.641025,4415.897435,4200.512820,4191.282051,4435.897435,4182.051282,4626.153846,3949.230770,4028.717948
62,4437.948717,4504.615384,4511.794871,4278.461538,4535.384615,4211.794871,4424.102564,4201.025641,4198.461538,4439.487179,4183.589743,4627.179487,3952.820513,4026.666666
63,4436.410256,4507.179487,4511.282051,4273.846153,4538.461538,4213.333333,4431.282051,4205.641025,4200.000000,4437.948717,4189.230769,4629.743589,3948.717949,4021.025641
64,4431.282051,4504.102564,4507.179487,4261.025641,4531.282051,4212.820512,4430.769230,4209.743589,4196.410256,4434.871794,4182.564102,4625.128205,3942.051283,4019.487179
65,4429.230769,4500.512820,4507.179487,4263.589743,4532.820512,4217.948717,4433.333333,4212.307692,4200.000000,4438.461538,4175.897435,4625.128205,3945.128206,4020.512820
66,4430.769230,4502.564102,4510.256410,4267.179487,4537.948717,4220.000000,4437.435897,4215.384615,4203.589743,4441.538461,4180.000000,4632.820512,3948.717949,4018.974358
67,4434.358974,4505.641025,4508.205128,4262.051282,4535.897435,4213.333333,4434.358974,4214.871794,4200.512820,4442.051282,4186.666666,4632.307692,3946.666667,4021.025641
68,4441.538461,4507.179487,4510.256410,4261.538461,4536.410256,4211.794871,4430.256410,4214.358974,4202.564102,4448.205128,4190.256410,4631.794871,3953.846154,4028.205128
69,4445.128205,4507.179487,4516.410256,4264.615384,4539.487179,4214.358974,4430.769230,4214.871794,4201.538461,4452.820512,4186.153846,4635.897435,3969.230770,4034.871794
70,4444.102564,4507.692307,4516.410256,4263.589743,4545.128205,4209.230769,4432.307692,4209.230769,4194.871794,4449.230769,4183.589743,4633.333333,3972.820513,4037.948717
71,4439.487179,4506.666666,4511.794871,4260.000000,4552.820512,4200.512820,4428.205128,4201.538461,4190.256410,4443.589743,4187.692307,4629.743589,3962.051283,4034.871794
72,4435.897435,4500.512820,4510.769230,4254.358974,4553.846153,4200.000000,4420.512820,4200.000000,4187.692307,4443.076923,4185.641025,4633.846153,3961.025642,4032.307692
73,4436.410256,4496.923076,4509.743589,4250.769230,4550.769230,4200.512820,4414.358974,4204.102564,4189.743589,4445.641025,4177.948717,4634.871794,3971.282052,4035.897435
74,4434.871794,4500.512820,4504.102564,4248.717948,4551.794871,4195.897435,4411.282051,4205.641025,4192.820512,4447.179487,4177.948717,4628.205128,3972.307693,4033.846153
75,4430.256410,4505.128205,4500.000000,4248.205128,4554.871794,4197.435897,4411.282051,4203.076923,4188.717948,4453.333333,4182.051282,4626.666666,3969.743590,4029.230769
76,4431.794871,4507.692307,4503.589743,4252.820512,4563.589743,4201.025641,4412.307692,4202.051282,4190.256410,4461.025641,4184.615384,4632.820512,3978.461539,4033.333333
77,4431.794871,4503.589743,4502.564102,4251.794871,4568.205128,4200.512820,4412.307692,4201.025641,4195.384615,4457.435897,4181.538461,4630.256410,3981.025642,4032.820512
78,4424.615384,4494.871794,4498.974358,4244.102564,4560.512820,4198.974358,4411.282051,4198.461538,4189.230769,4448.205128,4171.794871,4623.589743,3969.743590,4023.076923
79,4430.256410,4498.461538,4505.641025,4250.769230,4561.025641,4201.025641,4410.769230,4203.589743,4190.769230,4454.358974,4174.871794,4629.230769,3969.230770,4027.179487
80,4445.128205,4510.256410,4511.794871,4263.076923,4573.846153,4204.615384,4413.846153,4210.256410,4202.564102,4467.692307,4188.717948,4642.051282,3981.538462,4040.512820
81,4437.948717,4509.743589,4504.615384,4257.948717,4572.820512,4203.589743,4413.333333,4203.589743,4194.358974,4464.102564,4182.564102,4640.000000,3983.076924,4037.948717
82,4420.512820,4497.948717,4495.897435,4246.153846,4565.128205,4198.461538,4409.230769,4191.282051,4178.974358,4448.205128,4166.666666,4623.589743,3968.717949,4025.641025
83,4418.461538,4493.846153,4496.410256,4246.153846,4568.205128,4197.948717,4409.743589,4190.256410,4182.564102,4445.641025,4166.153846,4618.461538,3961.025642,4018.974358
84,4426.153846,4500.512820,4501.538461,4251.794871,4572.307692,4202.564102,4414.358974,4197.948717,4188.717948,4449.230769,4171.794871,4630.256410,3966.153847,4022.564102
85,4424.615384,4502.051282,4504.102564,4251.794871,4570.256410,4202.051282,4414.358974,4198.461538,4187.179487,4446.153846,4171.282051,4634.871794,3966.666667,4028.717948
86,4423.589743,4496.410256,4503.589743,4251.282051,4568.717948,4203.589743,4412.820512,4196.410256,4187.692307,4449.230769,4171.794871,4631.282051,3968.205129,4028.717948
87,4425.641025,4496.410256,4502.051282,4253.846153,4569.743589,4209.743589,4412.820512,4195.384615,4186.666666,4452.820512,4170.256410,4631.794871,3968.717949,4023.589743
88,4428.205128,4501.025641,4503.076923,4255.897435,4569.230769,4207.179487,4411.794871,4193.846153,4183.589743,4448.205128,4167.692307,4632.307692,3963.589744,4025.641025
89,4429.230769,4495.897435,4504.615384,4254.871794,4569.230769,4200.512820,4412.307692,4197.435897,4190.256410,4448.717948,4175.897435,4632.820512,3965.128206,4030.256410
90,4425.128205,4489.230769,4506.153846,4250.769230,4569.230769,4201.538461,4413.333333,4203.589743,4198.461538,4455.384615,4182.051282,4633.846153,3969.230770,4027.179487
91,4422.564102,4493.846153,4504.102564,4247.692307,4566.666666,4201.538461,4408.717948,4195.897435,4189.743589,4449.230769,4172.307692,4630.769230,3962.564103,4023.076923
92,4426.666666,4502.051282,4503.076923,4248.717948,4565.128205,4195.897435,4403.076923,4184.102564,4181.538461,4441.538461,4164.615384,4630.769230,3954.871795,4025.128205
93,4430.769230,4506.153846,4506.153846,4251.794871,4566.666666,4195.897435,4400.512820,4183.589743,4184.102564,4445.128205,4168.717948,4632.307692,3960.512821,4028.717948
94,4431.282051,4505.641025,4508.717948,4255.384615,4571.794871,4200.512820,4403.589743,4188.717948,4188.717948,4448.205128,4174.358974,4631.282051,3963.589744,4028.205128
95,4430.256410,4508.717948,4510.769230,4258.461538,4576.923076,4202.564102,4408.717948,4193.846153,4191.282051,4455.384615,4181.025641,4636.410256,3967.179488,4032.307692
96,4430.769230,4508.205128,4508.717948,4262.564102,4575.897435,4202.051282,4409.743589,4194.358974,4195.384615,4464.615384,4188.205128,4641.538461,3974.358975,4035.897435
97,4431.282051,4503.076923,4502.564102,4260.000000,4570.769230,4200.000000,4404.102564,4191.794871,4197.435897,4463.076923,4184.102564,4634.871794,3973.846154,4030.256410
98,4430.256410,4504.102564,4503.076923,4253.846153,4568.717948,4197.948717,4397.435897,4190.769230,4190.256410,4455.384615,4175.384615,4630.256410,3967.179488,4025.128205
99,4427.179487,4506.153846,4509.230769,4252.820512,4569.743589,4200.000000,4397.948717,4188.205128,4185.128205,4455.897435,4176.410256,4632.307692,3964.615385,4026.666666
100,4431.794871,4507.692307,4513.333333,4261.025641,4571.282051,4204.102564,4403.076923,4188.205128,4192.820512,4464.615384,4183.076923,4635.384615,3967.692308,4032.307692
101,4441.025641,4509.743589,4515.897435,4267.692307,4573.846153,4208.205128,4406.666666,4194.358974,4202.051282,4465.641025,4188.717948,4641.025641,3970.256411,4037.435897
102,4436.410256,4509.743589,4514.358974,4264.102564,4574.358974,4213.846153,4407.692307,4197.948717,4202.564102,4459.487179,4189.230769,4641.025641,3967.179488,4036.923076
103,4430.256410,4505.641025,4509.743589,4261.025641,4572.307692,4213.846153,4406.666666,4194.871794,4196.923076,4459.487179,4180.000000,4633.333333,3961.025642,4030.256410
104,4434.871794,4509.230769,4510.256410,4265.128205,4572.307692,4210.769230,4407.692307,4195.897435,4196.923076,4461.538461,4176.923076,4633.333333,3961.538462,4031.282051
105,4438.461538,4513.333333,4516.410256,4268.205128,4571.282051,4214.871794,4412.307692,4200.512820,4204.615384,4460.512820,4188.205128,4642.564102,3968.717949,4037.948717
106,4435.384615,4508.205128,4517.435897,4266.666666,4569.230769,4217.948717,4415.897435,4203.076923,4208.205128,4461.025641,4190.769230,4645.641025,3972.307693,4035.384615
107,4438.461538,4508.717948,4516.923076,4268.717948,4571.282051,4216.923076,4415.384615,4202.564102,4201.025641,4461.538461,4181.025641,4642.564102,3971.282052,4033.846153
108,4442.051282,4514.358974,4516.923076,4270.769230,4570.769230,4216.410256,4414.871794,4199.487179,4196.923076,4458.461538,4182.564102,4642.564102,3967.179488,4035.384615
109,4437.948717,4510.769230,4514.871794,4263.589743,4565.641025,4219.487179,4413.333333,4196.923076,4202.564102,4460.000000,4187.692307,4642.564102,3964.102565,4031.282051
110,4438.974358,4506.153846,4514.358974,4263.076923,4566.666666,4223.589743,4412.307692,4200.512820,4207.179487,4466.153846,4185.128205,4644.615384,3970.256411,4031.794871
111,4442.564102,4510.769230,4517.435897,4270.256410,4572.820512,4225.128205,4412.820512,4204.615384,4208.717948,4468.717948,4185.128205,4647.692307,3978.974359,4036.923076
112,4442.051282,4512.307692,4516.410256,4268.717948,4573.333333,4221.538461,4413.333333,4204.102564,4206.153846,4466.666666,4189.230769,4644.102564,3976.923077,4037.435897
113,4441.025641,4508.205128,4512.307692,4262.051282,4568.205128,4214.871794,4409.230769,4200.000000,4204.102564,4464.102564,4189.230769,4637.435897,3969.743590,4035.897435
114,4436.410256,4506.153846,4509.743589,4262.051282,4566.666666,4210.769230,4401.025641,4195.384615,4203.076923,4459.487179,4185.641025,4636.410256,3962.051283,4033.333333
115,4429.743589,4506.666666,4505.128205,4261.538461,4567.179487,4208.717948,4398.461538,4192.307692,4198.461538,4454.871794,4183.076923,4635.897435,3958.974359,4030.769230
116,4426.666666,4502.564102,4499.487179,4255.384615,4562.051282,4205.641025,4402.564102,4189.230769,4196.410256,4455.384615,4181.025641,4630.769230,3960.000000,4029.230769
117,4426.153846,4496.410256,4498.461538,4251.794871,4557.948717,4206.153846,4402.564102,4188.717948,4199.487179,4459.487179,4177.948717,4629.230769,3956.923077,4026.666666
118,4428.717948,4498.974358,4505.128205,4255.897435,4562.564102,4214.358974,4403.589743,4196.410256,4200.512820,4459.487179,4181.025641,4634.871794,3958.974359,4029.743589
119,4439.487179,4507.692307,4513.846153,4264.615384,4572.820512,4223.076923,4413.846153,4204.615384,4204.102564,4463.076923,4189.230769,4645.641025,3971.794872,4041.538461
120,4440.512820,4506.666666,4515.897435,4266.153846,4572.820512,4218.974358,4413.333333,4203.076923,4207.179487,4466.153846,4189.230769,4646.666666,3972.820513,4044.102564
121,4426.153846,4495.384615,4507.179487,4257.948717,4559.487179,4213.846153,4396.410256,4199.487179,4205.128205,4461.538461,4177.435897,4634.358974,3962.051283,4032.820512
122,4423.076923,4494.871794,4500.000000,4254.358974,4557.948717,4214.871794,4394.871794,4198.461538,4201.025641,4456.410256,4171.794871,4628.205128,3957.435898,4026.666666
123,4431.794871,4498.461538,4505.128205,4260.000000,4566.666666,4216.923076,4409.743589,4197.435897,4199.487179,4458.974358,4178.461538,4632.307692,3957.435898,4031.794871
124,4431.282051,4496.923076,4511.794871,4263.589743,4566.666666,4217.948717,4412.820512,4201.025641,4201.025641,4461.538461,4185.641025,4637.435897,3956.923077,4035.897435
125,4427.179487,4499.487179,4515.384615,4264.615384,4558.461538,4216.923076,4407.692307,4204.102564,4202.051282,4460.512820,4186.153846,4638.974358,3957.435898,4034.358974
126,4434.871794,4508.717948,4518.974358,4268.205128,4556.923076,4216.923076,4405.641025,4198.974358,4197.435897,4457.948717,4179.487179,4638.974358,3955.897436,4031.794871
127,4439.487179,4509.230769,4518.974358,4267.179487,4564.102564,4217.948717,4402.051282,4194.871794,4195.384615,4458.461538,4177.435897,4639.487179,3957.948718,4034.871794
128,4432.820512,4503.076923,4516.923076,4261.538461,4565.128205,4216.410256,4400.512820,4194.358974,4194.871794,4455.897435,4182.051282,4642.051282,3963.076924,4038.461538
129,4429.743589,4504.102564,4516.410256,4262.051282,4560.512820,4213.846153,4404.615384,4190.769230,4192.307692,4447.692307,4178.461538,4640.512820,3960.512821,4035.384615
130,4432.307692,4506.153846,4514.358974,4265.128205,4562.564102,4214.871794,4406.153846,4193.333333,4195.384615,4449.743589,4173.846153,4634.358974,3954.358975,4033.333333
131,4431.282051,4506.153846,4512.820512,4264.102564,4567.179487,4217.948717,4408.205128,4201.025641,4201.538461,4460.512820,4176.923076,4630.769230,3955.897436,4033.846153
132,4426.153846,4505.641025,4511.794871,4263.589743,4564.615384,4217.435897,4411.794871,4198.461538,4198.461538,4457.948717,4178.974358,4628.717948,3956.923077,4032.820512
133,4426.153846,4505.641025,4513.846153,4266.153846,4561.538461,4217.435897,4411.794871,4195.384615,4194.871794,4451.282051,4179.487179,4632.820512,3955.897436,4036.923076
134,4435.897435,4508.205128,4522.051282,4270.769230,4567.692307,4220.000000,4410.256410,4203.589743,4202.051282,4458.461538,4185.128205,4642.564102,3958.461539,4045.641025
135,4440.512820,4509.743589,4527.692307,4275.897435,4569.230769,4218.974358,4407.179487,4206.153846,4204.615384,4463.589743,4191.794871,4644.102564,3963.076924,4048.205128
136,4430.256410,4509.230769,4522.051282,4274.358974,4560.512820,4215.384615,4402.051282,4200.000000,4197.948717,4458.461538,4191.794871,4637.435897,3964.102565,4041.025641
137,4422.564102,4507.692307,4514.871794,4267.692307,4557.435897,4216.410256,4403.076923,4198.974358,4197.435897,4457.435897,4189.230769,4634.358974,3961.025642,4029.230769
138,4426.153846,4507.179487,4514.358974,4268.717948,4562.564102,4219.487179,4408.717948,4198.974358,4204.102564,4461.025641,4184.102564,4632.820512,3958.461539,4022.564102
139,4423.589743,4506.666666,4512.820512,4267.692307,4563.589743,4217.435897,4413.333333,4198.461538,4205.641025,4457.948717,4181.025641,4629.230769,3957.948718,4019.487179
140,4417.435897,4506.666666,4507.692307,4265.641025,4561.025641,4218.974358,4412.307692,4199.487179,4203.589743,4451.282051,4178.461538,4626.666666,3957.948718,4015.897435
141,4423.076923,4507.692307,4510.256410,4271.282051,4566.153846,4225.641025,4412.820512,4206.153846,4209.230769,4454.358974,4180.512820,4631.794871,3958.974359,4020.512820
142,4428.717948,4508.205128,4517.948717,4273.846153,4570.256410,4226.153846,4415.384615,4216.410256,4216.923076,4463.589743,4191.794871,4640.000000,3963.589744,4032.307692
143,4427.179487,4510.256410,4521.025641,4269.230769,4565.641025,4217.435897,4412.307692,4217.948717,4215.384615,4463.076923,4198.461538,4644.615384,3968.205129,4034.871794
144,4432.820512,4517.948717,4523.589743,4274.871794,4566.666666,4214.358974,4408.717948,4207.692307,4215.384615,4460.512820,4200.512820,4649.743589,3972.820513,4037.948717
145,4440.512820,4525.641025,4530.256410,4281.538461,4569.743589,4227.179487,4414.871794,4207.692307,4221.025641,4467.692307,4204.615384,4653.846153,3979.487180,4045.128205
146,4433.333333,4517.435897,4529.230769,4278.461538,4564.615384,4230.256410,4417.948717,4210.256410,4218.461538,4470.256410,4203.076923,4651.794871,3974.871795,4040.512820
147,4425.641025,4508.205128,4522.564102,4277.948717,4561.538461,4223.076923,4414.358974,4203.589743,4212.307692,4461.538461,4197.435897,4643.589743,3963.076924,4032.307692
148,4428.717948,4513.846153,4524.615384,4278.974358,4565.641025,4226.153846,4417.435897,4206.666666,4214.358974,4456.923076,4197.948717,4640.512820,3964.102565,4034.871794
149,4431.794871,4514.871794,4528.717948,4277.435897,4570.769230,4234.358974,4420.512820,4212.820512,4216.923076,4460.000000,4204.102564,4647.179487,3967.692308,4038.974358
150,4437.948717,4512.307692,4531.794871,4284.615384,4569.743589,4232.307692,4413.333333,4211.282051,4212.307692,4464.615384,4204.102564,4653.846153,3966.666667,4041.538461
151,4444.615384,4522.564102,4536.410256,4292.820512,4568.717948,4228.205128,4409.230769,4210.769230,4213.333333,4466.666666,4201.538461,4653.333333,3970.256411,4045.128205
152,4442.051282,4527.692307,4535.897435,4288.205128,4570.769230,4230.769230,4410.256410,4210.256410,4216.923076,4463.589743,4200.512820,4648.205128,3974.871795,4047.179487
153,4434.871794,4520.000000,4529.230769,4285.641025,4569.743589,4230.256410,4411.794871,4203.076923,4213.333333,4456.923076,4202.564102,4646.666666,3973.846154,4045.641025
154,4429.743589,4520.512820,4528.717948,4290.769230,4569.230769,4232.820512,4414.358974,4202.051282,4211.282051,4458.974358,4199.487179,4643.076923,3971.282052,4041.025641
155,4429.230769,4525.128205,4528.205128,4291.794871,4573.333333,4240.512820,4417.948717,4204.615384,4215.897435,4463.076923,4192.307692,4638.461538,3967.692308,4036.410256
156,4429.230769,4521.025641,4521.025641,4285.641025,4574.358974,4244.615384,4415.384615,4200.000000,4215.897435,4459.487179,4192.307692,4636.923076,3959.487180,4035.384615
157,4428.717948,4518.974358,4521.538461,4282.564102,4572.820512,4243.589743,4414.358974,4198.974358,4213.333333,4458.461538,4198.974358,4638.974358,3957.435898,4033.846153
158,4430.256410,4522.051282,4530.769230,4284.615384,4572.820512,4246.666666,4419.487179,4208.205128,4220.000000,4467.692307,4202.051282,4645.128205,3966.153847,4037.435897
159,4433.846153,4519.487179,4529.230769,4284.102564,4573.333333,4245.641025,4420.512820,4215.897435,4225.128205,4470.256410,4202.051282,4650.256410,3974.358975,4044.102564
160,4431.794871,4510.769230,4518.974358,4279.487179,4571.794871,4238.974358,4415.897435,4210.256410,4214.871794,4462.051282,4204.102564,4645.128205,3968.205129,4041.025641
161,4424.102564,4506.153846,4513.333333,4273.846153,4566.666666,4237.948717,4409.743589,4194.871794,4200.000000,4453.846153,4197.435897,4632.820512,3954.871795,4030.256410
162,4422.564102,4505.641025,4512.820512,4273.333333,4563.589743,4237.948717,4405.641025,4185.128205,4195.897435,4447.179487,4184.615384,4625.641025,3953.846154,4029.743589
163,4426.153846,4505.641025,4516.410256,4276.923076,4567.692307,4238.461538,4408.205128,4189.743589,4202.564102,4450.769230,4183.589743,4627.179487,3962.051283,4033.333333
164,4430.256410,4514.871794,4524.102564,4280.512820,4571.282051,4245.641025,4412.820512,4205.641025,4211.794871,4467.692307,4193.333333,4637.948717,3968.717949,4035.384615
165,4436.923076,4526.666666,4531.794871,4286.153846,4573.846153,4250.256410,4416.410256,4220.000000,4225.128205,4479.487179,4209.230769,4652.820512,3975.897436,4047.692307
166,4445.128205,4525.641025,4535.384615,4289.743589,4578.461538,4247.179487,4420.000000,4223.589743,4232.820512,4478.974358,4218.461538,4656.410256,3981.025642,4056.410256
167,4446.153846,4521.538461,4535.897435,4288.717948,4576.923076,4246.666666,4423.589743,4221.538461,4227.179487,4473.846153,4211.794871,4651.794871,3976.410257,4050.769230
168,4437.435897,4525.128205,4532.820512,4283.589743,4569.230769,4247.692307,4423.076923,4217.435897,4217.948717,4466.666666,4201.025641,4646.153846,3966.666667,4042.564102
169,4428.717948,4519.487179,4527.179487,4278.974358,4569.230769,4246.153846,4419.487179,4209.743589,4216.410256,4464.102564,4198.461538,4640.512820,3959.487180,4038.461538
170,4426.153846,4508.205128,4526.666666,4278.974358,4572.307692,4246.666666,4415.384615,4207.692307,4218.974358,4466.666666,4200.000000,4638.974358,3961.538462,4038.461538
171,4429.230769,4514.871794,4529.743589,4282.564102,4571.794871,4249.743589,4418.461538,4214.358974,4217.948717,4463.076923,4202.051282,4645.128205,3969.230770,4042.051282
172,4431.282051,4523.076923,4525.641025,4284.615384,4569.230769,4246.153846,4423.076923,4215.897435,4216.410256,4459.487179,4200.512820,4646.666666,3969.230770,4042.051282
173,4425.128205,4512.820512,4515.384615,4281.025641,4563.589743,4237.948717,4414.871794,4209.743589,4215.384615,4459.487179,4193.846153,4636.410256,3957.435898,4034.358974
174,4418.461538,4507.179487,4514.358974,4277.435897,4564.615384,4242.051282,4414.358974,4212.820512,4213.846153,4459.487179,4192.820512,4628.717948,3953.333334,4032.820512
175,4420.512820,4513.846153,4517.948717,4276.923076,4571.794871,4249.743589,4426.153846,4217.948717,4209.743589,4456.923076,4191.282051,4630.769230,3957.948718,4034.358974
176,4419.487179,4511.282051,4514.358974,4275.384615,4569.743589,4247.179487,4421.025641,4209.230769,4207.692307,4454.871794,4181.538461,4630.256410,3956.923077,4031.282051
177,4420.000000,4505.128205,4512.820512,4272.820512,4568.717948,4245.128205,4411.794871,4205.641025,4212.820512,4461.025641,4186.153846,4628.717948,3962.051283,4034.358974
178,4426.666666,4514.871794,4516.923076,4271.794871,4578.974358,4251.282051,4419.487179,4219.487179,4223.076923,4472.820512,4202.564102,4636.410256,3975.384616,4041.538461
179,4427.692307,4524.615384,4520.512820,4272.820512,4586.153846,4252.820512,4423.076923,4229.743589,4229.743589,4476.410256,4204.102564,4644.615384,3979.487180,4041.538461
180,4423.589743,4515.897435,4519.487179,4271.282051,4584.102564,4247.179487,4415.897435,4223.589743,4224.615384,4474.871794,4192.307692,4641.025641,3977.435898,4038.974358
181,4424.102564,4509.230769,4516.410256,4265.128205,4584.102564,4244.615384,4411.794871,4214.358974,4213.846153,4474.871794,4187.692307,4636.923076,3983.589744,4043.589743
182,4421.025641,4514.871794,4513.333333,4261.538461,4585.641025,4240.000000,4411.282051,4214.871794,4211.794871,4474.871794,4191.282051,4638.461538,3989.743590,4044.102564
183,4413.846153,4516.923076,4512.820512,4263.076923,4586.153846,4236.923076,4411.794871,4217.948717,4217.948717,4475.384615,4190.769230,4636.410256,3984.615385,4037.435897
184,4413.846153,4512.820512,4513.846153,4264.102564,4590.256410,4241.025641,4412.820512,4215.897435,4215.897435,4477.435897,4184.102564,4632.820512,3982.564103,4035.384615
185,4413.333333,4512.307692,4515.384615,4263.589743,4594.358974,4242.564102,4412.307692,4210.769230,4205.128205,4471.282051,4181.538461,4634.871794,3987.179488,4036.923076
186,4410.256410,4510.769230,4514.871794,4262.051282,4595.897435,4235.384615,4411.282051,4210.769230,4198.974358,4464.615384,4184.102564,4636.923076,3990.256411,4035.384615
187,4411.282051,4508.205128,4516.923076,4261.025641,4596.923076,4231.282051,4410.769230,4210.256410,4199.487179,4464.102564,4183.076923,4638.974358,3982.051283,4033.846153
188,4415.897435,4510.769230,4522.564102,4265.128205,4598.461538,4233.846153,4413.846153,4210.256410,4201.025641,4468.205128,4184.615384,4644.615384,3975.384616,4035.897435
189,4417.948717,4510.769230,4523.589743,4267.179487,4599.487179,4233.846153,4415.384615,4211.282051,4198.461538,4470.256410,4185.128205,4646.153846,3978.974359,4036.410256
190,4411.282051,4504.615384,4516.410256,4263.076923,4599.487179,4231.282051,4411.282051,4208.205128,4193.333333,4466.153846,4181.025641,4642.564102,3980.512821,4033.333333
191,4409.743589,4506.666666,4515.897435,4264.102564,4597.948717,4232.820512,4411.282051,4208.205128,4193.846153,4463.589743,4181.025641,4643.076923,3976.410257,4031.794871
192,4422.051282,4515.897435,4525.128205,4272.820512,4598.974358,4235.384615,4412.820512,4212.307692,4201.025641,4469.743589,4185.128205,4650.769230,3977.948718,4036.410256
193,4430.256410,4517.435897,4529.743589,4276.923076,4601.538461,4237.435897,4412.820512,4218.461538,4207.179487,4478.974358,4188.205128,4657.435897,3989.743590,4043.076923
194,4420.512820,4509.743589,4526.153846,4273.333333,4599.487179,4237.435897,4420.512820,4226.153846,4210.769230,4480.000000,4191.794871,4655.384615,3991.282052,4038.974358
195,4410.256410,4504.615384,4519.487179,4266.666666,4597.948717,4236.923076,4425.641025,4227.692307,4208.717948,4475.384615,4192.307692,4646.666666,3977.948718,4031.282051
196,4412.820512,4508.717948,4516.923076,4270.256410,4602.051282,4240.512820,4424.102564,4225.128205,4207.179487,4474.358974,4188.205128,4642.564102,3974.871795,4032.820512
197,4417.435897,4514.871794,4520.000000,4277.435897,4602.564102,4244.615384,4426.153846,4224.102564,4211.282051,4475.384615,4183.589743,4645.641025,3983.076924,4038.974358
198,4415.384615,4513.333333,4517.948717,4271.282051,4593.846153,4238.974358,4422.051282,4220.512820,4208.717948,4474.871794,4182.051282,4643.076923,3982.051283,4040.512820
199,4410.769230,4506.666666,4512.820512,4266.666666,4589.743589,4230.769230,4408.205128,4207.692307,4198.974358,4471.282051,4188.717948,4635.384615,3980.000000,4041.025641
200,4410.769230,4507.692307,4514.358974,4271.282051,4590.769230,4228.205128,4400.000000,4201.025641,4193.333333,4467.692307,4195.384615,4637.435897,3985.128206,4045.128205
201,4413.333333,4510.769230,4517.435897,4270.256410,4588.717948,4229.743589,4400.000000,4207.692307,4197.435897,4464.102564,4189.230769,4646.666666,3983.589744,4045.128205
202,4410.769230,4508.205128,4515.897435,4265.128205,4585.641025,4226.153846,4402.051282,4213.333333,4197.435897,4461.538461,4180.512820,4643.589743,3976.410257,4040.000000
203,4406.153846,4505.641025,4511.794871,4266.666666,4585.128205,4222.564102,4404.615384,4208.717948,4190.256410,4457.948717,4181.025641,4631.794871,3971.282052,4031.794871
204,4405.128205,4505.641025,4508.205128,4265.641025,4586.666666,4225.641025,4407.179487,4208.205128,4189.230769,4461.025641,4183.589743,4630.769230,3973.846154,4031.282051
205,4410.256410,4510.256410,4510.256410,4266.666666,4587.179487,4231.794871,4409.230769,4213.846153,4196.410256,4466.153846,4184.615384,4638.974358,3983.589744,4041.538461
206,4409.743589,4511.794871,4513.846153,4268.717948,4587.179487,4230.769230,4408.205128,4207.179487,4196.410256,4466.153846,4185.128205,4638.974358,3981.538462,4042.564102
207,4402.564102,4506.153846,4511.282051,4263.076923,4585.128205,4227.179487,4406.666666,4201.538461,4192.820512,4465.641025,4191.794871,4636.410256,3970.769231,4035.384615
208,4407.179487,4509.743589,4513.333333,4263.589743,4587.179487,4231.282051,4410.769230,4215.897435,4200.000000,4473.846153,4200.512820,4642.051282,3978.974359,4040.512820
209,4412.307692,4513.846153,4521.025641,4269.230769,4589.743589,4233.333333,4414.871794,4225.128205,4205.128205,4475.384615,4192.307692,4648.205128,3983.076924,4047.179487
210,4400.512820,4505.641025,4518.974358,4264.102564,4584.615384,4229.743589,4414.358974,4216.923076,4200.000000,4465.641025,4176.410256,4644.615384,3965.641026,4036.923076
211,4397.435897,4503.076923,4516.410256,4262.051282,4579.487179,4228.717948,4414.358974,4216.410256,4201.025641,4472.307692,4184.102564,4644.102564,3971.282052,4034.358974
212,4412.820512,4510.256410,4524.102564,4271.282051,4582.564102,4231.794871,4418.461538,4226.153846,4210.769230,4485.128205,4201.025641,4651.282051,3991.282052,4046.153846
213,4416.410256,4508.717948,4528.205128,4272.820512,4586.666666,4235.384615,4418.461538,4226.666666,4215.897435,4483.589743,4204.615384,4654.358974,3994.871795,4050.769230
214,4410.769230,4509.743589,4523.076923,4271.282051,4584.102564,4231.282051,4409.743589,4217.435897,4213.333333,4477.948717,4205.641025,4655.384615,3992.820513,4049.743589
215,4413.333333,4516.923076,4521.025641,4277.948717,4582.564102,4228.205128,4404.615384,4209.743589,4204.615384,4477.948717,4207.179487,4657.948717,3992.307693,4052.820512
216,4415.897435,4515.384615,4523.589743,4280.512820,4585.128205,4233.333333,4412.307692,4212.820512,4201.025641,4476.410256,4201.025641,4656.410256,3990.769231,4053.333333
217,4410.769230,4506.666666,4520.512820,4272.307692,4587.179487,4235.897435,4415.384615,4216.410256,4204.102564,4473.846153,4195.384615,4652.307692,3988.205129,4048.205128
218,4406.153846,4504.102564,4515.384615,4266.153846,4583.589743,4230.769230,4411.282051,4215.384615,4204.102564,4473.333333,4197.948717,4646.153846,3980.000000,4042.051282
219,4409.230769,4512.820512,4513.846153,4272.820512,4585.641025,4234.871794,4417.948717,4218.974358,4205.128205,4477.948717,4202.564102,4644.102564,3978.461539,4044.102564
220,4416.410256,4523.076923,4518.461538,4281.538461,4592.820512,4246.153846,4427.179487,4226.666666,4213.846153,4484.102564,4207.692307,4652.820512,3994.871795,4053.333333
221,4417.948717,4525.128205,4525.128205,4285.128205,4594.358974,4248.717948,4425.641025,4226.666666,4220.000000,4481.025641,4206.153846,4659.487179,4004.102564,4053.333333
222,4415.384615,4523.589743,4524.102564,4282.051282,4593.846153,4246.666666,4420.000000,4217.435897,4215.897435,4478.974358,4203.589743,4653.846153,3995.897436,4045.641025
223,4412.820512,4519.487179,4518.461538,4280.000000,4593.333333,4243.076923,4414.871794,4213.846153,4212.307692,4484.102564,4206.153846,4649.230769,3990.256411,4043.589743
224,4411.794871,4516.923076,4515.897435,4279.487179,4589.230769,4241.025641,4413.333333,4222.051282,4213.333333,4486.666666,4206.666666,4652.820512,3990.256411,4044.102564
225,4413.333333,4518.461538,4518.461538,4279.487179,4587.692307,4244.102564,4415.384615,4229.743589,4213.846153,4485.128205,4207.179487,4653.846153,3994.871795,4042.051282
226,4413.846153,4514.358974,4521.025641,4281.025641,4588.205128,4241.025641,4418.974358,4227.179487,4215.897435,4482.564102,4205.128205,4652.820512,3996.923077,4041.538461
227,4412.307692,4510.256410,4520.000000,4278.461538,4586.153846,4231.794871,4421.025641,4224.615384,4215.897435,4476.410256,4200.512820,4650.769230,3988.717949,4038.461538
228,4412.307692,4514.871794,4514.871794,4275.897435,4584.102564,4231.282051,4421.025641,4223.589743,4211.282051,4473.846153,4201.025641,4648.717948,3982.564103,4036.410256
229,4413.846153,4514.871794,4511.282051,4277.435897,4585.641025,4234.871794,4418.974358,4222.051282,4209.743589,4480.512820,4204.615384,4651.794871,3986.153847,4040.512820
230,4410.256410,4507.179487,4511.794871,4277.948717,4581.538461,4229.743589,4413.846153,4221.025641,4210.256410,4478.974358,4200.512820,4653.846153,3989.230770,4040.512820
231,4406.153846,4507.179487,4513.333333,4273.333333,4574.358974,4227.692307,4412.307692,4220.000000,4211.794871,4471.794871,4197.948717,4650.256410,3987.179488,4036.923076
232,4410.769230,4511.282051,4516.410256,4273.846153,4577.435897,4232.820512,4421.538461,4225.128205,4216.410256,4473.846153,4204.102564,4649.230769,3988.205129,4038.974358
233,4415.384615,4509.230769,4517.435897,4276.923076,4582.051282,4233.846153,4428.205128,4232.307692,4220.000000,4480.000000,4203.589743,4650.769230,3987.179488,4041.025641
234,4407.692307,4504.615384,4511.282051,4269.743589,4573.846153,4230.256410,4419.487179,4224.615384,4214.358974,4476.410256,4194.871794,4645.128205,3978.461539,4035.384615
235,4406.666666,4508.205128,4512.307692,4268.717948,4571.794871,4228.717948,4410.256410,4216.923076,4216.923076,4474.871794,4193.846153,4644.102564,3981.538462,4036.410256
236,4422.051282,4516.923076,4525.641025,4280.000000,4582.051282,4231.794871,4414.358974,4231.282051,4229.230769,4488.205128,4207.179487,4656.410256,3997.948718,4051.282051
237,4425.128205,4517.948717,4526.666666,4283.076923,4579.487179,4230.769230,4414.358974,4235.384615,4225.641025,4493.333333,4218.461538,4661.538461,3996.923077,4055.897435
238,4413.333333,4512.307692,4516.923076,4275.384615,4567.692307,4224.102564,4409.230769,4218.461538,4213.846153,4480.512820,4212.307692,4653.846153,3983.589744,4042.564102
239,4410.256410,4508.205128,4515.897435,4270.769230,4571.282051,4223.076923,4411.282051,4213.333333,4213.846153,4468.205128,4201.538461,4650.769230,3980.000000,4034.871794
240,4413.333333,4511.282051,4518.461538,4273.333333,4576.410256,4228.717948,4417.948717,4222.051282,4215.384615,4467.179487,4199.487179,4653.333333,3980.512821,4036.410256
241,4413.846153,4516.410256,4517.948717,4277.435897,4571.794871,4234.358974,4421.538461,4227.692307,4214.358974,4470.769230,4201.538461,4655.384615,3978.974359,4036.923076
242,4414.871794,4517.435897,4517.948717,4279.487179,4573.333333,4234.871794,4418.974358,4231.794871,4223.589743,4480.512820,4207.179487,4655.384615,3987.692308,4036.410256
243,4416.923076,4516.410256,4519.487179,4277.435897,4578.461538,4233.333333,4414.871794,4231.794871,4230.769230,4485.641025,4211.282051,4653.333333,3995.897436,4036.410256
244,4418.974358,4520.512820,4521.538461,4280.000000,4577.435897,4234.358974,4415.384615,4223.589743,4224.615384,4481.538461,4211.282051,4654.871794,3993.846154,4036.410256
245,4420.000000,4524.615384,4527.692307,4283.589743,4573.846153,4234.871794,4415.384615,4221.538461,4224.615384,4484.102564,4213.333333,4658.461538,3992.307693,4035.897435
246,4415.897435,4519.487179,4527.179487,4279.487179,4571.794871,4232.307692,4412.820512,4229.230769,4228.205128,4485.641025,4215.897435,4655.897435,3993.333334,4033.846153
247,4411.282051,4511.794871,4517.948717,4274.358974,4569.743589,4231.282051,4413.846153,4225.641025,4220.512820,4476.923076,4207.692307,4647.179487,3991.282052,4027.179487
248,4407.692307,4506.666666,4510.256410,4271.282051,4564.102564,4231.794871,4414.358974,4213.333333,4210.769230,4468.205128,4196.410256,4641.538461,3985.641026,4020.000000
249,4406.666666,4505.128205,4510.256410,4267.692307,4563.589743,4230.769230,4413.333333,4213.333333,4212.307692,4465.641025,4196.410256,4640.512820,3982.564103,4017.948717
250,4410.769230,4510.256410,4516.410256,4270.256410,4567.179487,4230.769230,4414.871794,4223.589743,4223.076923,4468.205128,4206.666666,4646.666666,3985.128206,4023.076923
251,4416.923076,4516.410256,4523.076923,4276.923076,4567.692307,4230.769230,4414.358974,4229.743589,4229.743589,4475.897435,4215.897435,4654.358974,3991.282052,4030.256410
252,4417.435897,4512.307692,4521.538461,4276.923076,4568.205128,4226.153846,4412.820512,4232.307692,4225.641025,4478.461538,4210.256410,4652.820512,3993.333334,4032.820512
253,4413.333333,4504.102564,4515.897435,4274.358974,4565.641025,4226.153846,4414.358974,4231.794871,4221.538461,4471.282051,4199.487179,4649.743589,3989.230770,4029.743589
254,4412.820512,4506.666666,4516.410256,4273.846153,4559.487179,4231.794871,4416.410256,4227.179487,4223.589743,4466.153846,4203.076923,4652.820512,3986.153847,4031.282051
255,4414.871794,4514.871794,4517.948717,4274.358974,4558.461538,4232.820512,4415.384615,4226.153846,4221.538461,4464.615384,4214.871794,4652.307692,3984.102565,4036.410256
256,4416.410256,4514.358974,4516.410256,4277.948717,4561.538461,4229.230769,4413.846153,4226.666666,4216.410256,4463.589743,4211.794871,4650.256410,3984.615385,4037.435897
257,4417.948717,4512.307692,4520.000000,4282.564102,4558.974358,4230.769230,4413.846153,4223.076923,4216.410256,4465.128205,4206.153846,4653.846153,3987.179488,4038.974358
258,4418.461538,4518.974358,4526.666666,4281.025641,4556.923076,4232.307692,4412.307692,4221.538461,4219.487179,4465.641025,4210.769230,4656.410256,3990.256411,4042.051282
259,4416.410256,4521.025641,4527.692307,4278.974358,4558.461538,4222.564102,4408.205128,4223.589743,4223.076923,4464.615384,4210.769230,4653.333333,3990.256411,4042.564102
