,AF3,F7,F3,FC5,T7,P7,O1,O2,P8,T8,FC6,F4,F8,AF4
0,4328.205128,4523.589743,4534.871794,4257.435897,4508.717948,4198.461538,4431.794871,4207.179487,4228.205128,4476.410256,4219.487179,4650.769230,3988.717949,4046.153846
1,4325.128205,4522.051282,4525.641025,4247.692307,4514.358974,4193.846153,4431.794871,4203.589743,4225.128205,4477.948717,4204.615384,4642.051282,3985.128206,4040.512820
2,4322.051282,4522.051282,4521.538461,4240.000000,4499.487179,4193.846153,4430.769230,4200.512820,4230.769230,4484.615384,4202.564102,4634.871794,3971.794872,4035.897435
3,4328.205128,4515.384615,4530.256410,4248.717948,4490.256410,4198.461538,4434.358974,4206.666666,4237.435897,4482.051282,4224.102564,4645.128205,3978.974359,4044.615384
4,4327.179487,4509.230769,4532.307692,4253.846153,4500.000000,4196.923076,4435.384615,4210.256410,4234.871794,4480.000000,4234.358974,4652.820512,3992.307693,4052.820512
5,4326.153846,4519.487179,4530.256410,4249.230769,4503.076923,4196.923076,4432.820512,4207.692307,4233.333333,4488.205128,4225.641025,4649.230769,3994.358975,4049.230769
6,4328.205128,4526.153846,4532.307692,4248.205128,4498.974358,4198.974358,4430.256410,4203.589743,4231.282051,4484.102564,4216.923076,4645.128205,3982.051283,4040.000000
7,4315.897435,4509.230769,4525.128205,4238.974358,4496.410256,4189.230769,4426.666666,4198.461538,4222.564102,4462.564102,4209.743589,4634.871794,3965.128206,4030.769230
8,4308.205128,4498.974358,4516.923076,4230.256410,4492.820512,4182.051282,4423.589743,4198.461538,4221.538461,4465.128205,4208.205128,4629.230769,3966.153847,4030.769230
9,4321.538461,4512.307692,4524.102564,4242.051282,4496.923076,4189.743589,4426.666666,4205.641025,4230.769230,4490.256410,4214.871794,4638.974358,3983.589744,4040.512820
10,4327.692307,4516.410256,4526.666666,4253.846153,4502.051282,4192.307692,4428.717948,4206.153846,4231.282051,4486.666666,4219.487179,4642.051282,3988.717949,4042.564102
11,4318.461538,4508.205128,4519.487179,4249.230769,4497.435897,4190.769230,4427.692307,4205.641025,4226.153846,4467.179487,4217.948717,4637.435897,3977.948718,4038.461538
12,4320.512820,4513.846153,4527.179487,4243.076923,4494.871794,4194.871794,4430.256410,4209.743589,4229.743589,4477.435897,4214.871794,4641.538461,3977.948718,4042.564102
13,4328.205128,4525.641025,4535.897435,4243.076923,4497.435897,4194.358974,4432.307692,4207.179487,4230.769230,4491.282051,4213.333333,4644.615384,3983.589744,4047.692307
14,4327.692307,4523.076923,4532.820512,4246.153846,4493.333333,4193.333333,4433.846153,4204.102564,4228.205128,4485.128205,4218.461538,4643.076923,3976.923077,4046.153846
15,4324.615384,4511.794871,4531.282051,4249.743589,4492.307692,4195.384615,4434.358974,4206.153846,4231.282051,4486.666666,4223.076923,4644.615384,3966.666667,4042.051282
16,4324.102564,4509.230769,4532.820512,4247.179487,4496.410256,4192.820512,4431.794871,4207.179487,4234.358974,4495.384615,4216.410256,4641.025641,3972.820513,4038.974358
17,4330.256410,4518.461538,4532.820512,4242.564102,4501.538461,4194.871794,4435.384615,4211.794871,4235.897435,4494.871794,4207.692307,4640.512820,3986.153847,4042.564102
18,4338.461538,4527.179487,4536.923076,4249.743589,4510.256410,4205.128205,4444.102564,4222.051282,4241.538461,4500.512820,4216.410256,4650.769230,3986.153847,4049.743589
19,4338.974358,4523.589743,4543.076923,4257.435897,4511.282051,4204.615384,4446.153846,4222.051282,4243.589743,4506.666666,4232.307692,4653.846153,3978.461539,4051.282051
20,4333.333333,4516.410256,4540.000000,4254.871794,4505.641025,4200.000000,4437.435897,4209.230769,4235.384615,4493.333333,4225.641025,4645.641025,3976.923077,4046.153846
21,4329.230769,4510.256410,4531.282051,4249.230769,4505.641025,4201.538461,4432.307692,4200.512820,4224.615384,4483.589743,4206.666666,4638.974358,3975.897436,4039.487179
22,4328.717948,4502.564102,4529.743589,4246.666666,4506.153846,4200.512820,4435.897435,4204.615384,4225.128205,4491.794871,4207.179487,4636.923076,3973.333334,4037.948717
23,4329.743589,4504.102564,4530.256410,4245.128205,4505.128205,4199.487179,4435.897435,4209.230769,4232.307692,4497.435897,4219.487179,4636.410256,3972.307693,4042.051282
24,4333.333333,4521.538461,4526.153846,4248.205128,4506.153846,4199.487179,4430.256410,4203.076923,4234.871794,4497.948717,4218.461538,4640.512820,3971.794872,4046.153846
25,4331.282051,4535.384615,4525.641025,4252.307692,4507.692307,4200.512820,4429.743589,4199.487179,4231.282051,4500.000000,4215.897435,4643.076923,3977.435898,4047.179487
26,4316.410256,4526.666666,4530.256410,4249.230769,4507.179487,4200.512820,4431.282051,4201.025641,4229.230769,4499.487179,4218.974358,4636.923076,3983.589744,4044.102564
27,4297.948717,4508.205128,4527.179487,4246.153846,4502.564102,4197.948717,4426.153846,4201.025641,4227.179487,4495.897435,4215.384615,4630.256410,3974.358975,4039.487179
28,4289.230769,4502.564102,4517.948717,4242.564102,4495.384615,4193.333333,4422.564102,4197.435897,4221.538461,4493.333333,4207.692307,4626.666666,3961.025642,4034.871794
29,4291.282051,4507.692307,4517.435897,4239.487179,4493.333333,4196.410256,4422.564102,4193.333333,4219.487179,4491.282051,4204.615384,4625.641025,3962.564103,4033.333333
30,4297.948717,4517.948717,4526.153846,4242.564102,4503.076923,4200.000000,4424.102564,4195.384615,4223.076923,4494.871794,4212.307692,4633.333333,3973.846154,4038.974358
31,4303.076923,4527.179487,4531.282051,4250.256410,4511.282051,4193.846153,4428.205128,4202.564102,4223.589743,4499.487179,4220.512820,4640.512820,3980.512821,4045.128205
32,4303.589743,4523.076923,4530.256410,4257.948717,4507.692307,4191.282051,4427.692307,4204.615384,4222.564102,4500.000000,4220.512820,4636.410256,3977.435898,4045.128205
33,4297.435897,4509.230769,4527.179487,4255.897435,4498.461538,4193.846153,4426.666666,4202.564102,4225.128205,4501.538461,4220.512820,4629.743589,3969.743590,4041.538461
34,4294.358974,4507.692307,4523.589743,4249.230769,4498.974358,4196.410256,4430.256410,4204.102564,4226.666666,4500.512820,4221.025641,4632.307692,3973.333334,4042.564102
35,4293.846153,4511.794871,4518.974358,4246.153846,4499.487179,4195.384615,4428.205128,4201.025641,4220.512820,4496.410256,4212.820512,4629.743589,3978.461539,4040.000000
36,4289.743589,4509.743589,4517.948717,4241.025641,4494.358974,4190.769230,4420.512820,4190.769230,4216.410256,4496.410256,4200.512820,4621.025641,3971.282052,4033.333333
37,4291.282051,4513.846153,4521.025641,4237.948717,4496.410256,4189.743589,4420.000000,4188.717948,4215.384615,4493.846153,4200.512820,4620.512820,3967.179488,4034.358974
38,4297.948717,4519.487179,4525.128205,4248.205128,4505.128205,4192.307692,4425.641025,4196.410256,4214.358974,4489.230769,4212.820512,4627.179487,3967.179488,4039.487179
39,4302.564102,4516.410256,4529.230769,4255.897435,4505.641025,4195.897435,4425.128205,4201.025641,4220.000000,4493.846153,4221.025641,4630.769230,3966.153847,4042.564102
40,4302.564102,4513.333333,4529.230769,4247.692307,4502.564102,4196.410256,4424.615384,4199.487179,4227.179487,4502.564102,4216.923076,4633.333333,3972.307693,4044.102564
41,4302.564102,4511.794871,4525.641025,4246.666666,4508.205128,4192.820512,4428.205128,4195.384615,4225.128205,4500.512820,4208.717948,4631.282051,3974.358975,4044.102564
42,4295.897435,4505.641025,4522.051282,4249.230769,4510.769230,4190.256410,4428.717948,4191.282051,4218.461538,4486.153846,4203.589743,4621.025641,3963.076924,4036.410256
43,4289.743589,4500.512820,4523.076923,4244.615384,4504.102564,4196.923076,4426.666666,4194.358974,4223.589743,4481.025641,4204.102564,4620.000000,3960.000000,4031.794871
44,4303.076923,4508.717948,4530.256410,4249.743589,4507.692307,4204.102564,4434.871794,4209.743589,4236.410256,4506.153846,4221.538461,4633.846153,3968.717949,4043.076923
45,4314.871794,4515.897435,4535.897435,4260.000000,4515.384615,4201.025641,4441.538461,4218.461538,4242.564102,4527.179487,4231.794871,4637.435897,3967.692308,4048.717948
46,4307.179487,4507.179487,4532.307692,4254.871794,4508.717948,4200.512820,4435.384615,4210.256410,4235.897435,4511.794871,4215.384615,4628.717948,3970.256411,4041.025641
47,4304.615384,4505.641025,4526.666666,4248.205128,4505.641025,4200.000000,4428.205128,4205.128205,4230.256410,4496.410256,4210.256410,4629.743589,3977.435898,4038.974358
48,4312.307692,4515.897435,4529.230769,4252.307692,4513.846153,4197.435897,4429.230769,4206.153846,4230.256410,4502.051282,4220.512820,4635.384615,3970.769231,4043.589743
49,4314.358974,4512.307692,4530.256410,4256.923076,4514.871794,4200.512820,4431.282051,4202.051282,4224.102564,4503.076923,4216.410256,4628.717948,3962.051283,4042.051282
50,4311.794871,4506.666666,4526.666666,4260.512820,4511.794871,4202.051282,4429.230769,4196.410256,4216.410256,4496.410256,4210.256410,4623.076923,3965.641026,4037.948717
51,4317.435897,4521.538461,4530.769230,4262.051282,4511.282051,4198.974358,4429.230769,4195.897435,4220.000000,4499.487179,4217.435897,4629.230769,3977.435898,4043.589743
52,4322.051282,4529.230769,4535.897435,4257.948717,4516.923076,4195.897435,4427.179487,4194.358974,4222.051282,4505.641025,4222.051282,4633.846153,3975.897436,4050.256410
53,4321.538461,4517.948717,4531.282051,4256.923076,4518.974358,4196.923076,4420.512820,4190.256410,4212.820512,4503.589743,4223.076923,4628.717948,3966.153847,4047.179487
54,4323.076923,4512.820512,4528.717948,4266.153846,4514.358974,4200.512820,4423.076923,4191.794871,4215.384615,4508.205128,4227.692307,4628.205128,3970.769231,4046.666666
55,4324.615384,4510.256410,4532.820512,4268.205128,4516.410256,4202.564102,4432.820512,4198.974358,4226.666666,4514.871794,4224.615384,4633.846153,3982.051283,4053.333333
56,4318.461538,4503.076923,4530.256410,4256.410256,4517.948717,4200.000000,4433.846153,4202.564102,4227.692307,4510.256410,4217.435897,4628.717948,3974.871795,4048.205128
57,4312.307692,4507.179487,4525.128205,4252.307692,4512.820512,4202.051282,4430.769230,4201.025641,4224.615384,4504.102564,4216.410256,4618.974358,3957.435898,4038.974358
58,4314.358974,4513.846153,4523.076923,4253.846153,4510.256410,4207.179487,4438.461538,4203.589743,4227.692307,4505.128205,4223.076923,4621.538461,3954.358975,4043.076923
59,4315.384615,4504.102564,4521.025641,4251.794871,4515.384615,4209.230769,4447.692307,4209.743589,4235.384615,4509.230769,4228.717948,4625.641025,3964.615385,4047.179487
60,4312.307692,4495.897435,4522.051282,4251.282051,4514.871794,4210.769230,4445.641025,4210.769230,4237.435897,4510.769230,4222.051282,4620.512820,3974.871795,4040.512820
61,4314.871794,4504.102564,4524.615384,4250.769230,4507.179487,4211.282051,4444.615384,4208.717948,4233.846153,4511.794871,4216.410256,4617.435897,3977.435898,4041.538461
62,4315.897435,4507.179487,4520.512820,4241.538461,4504.102564,4205.128205,4446.153846,4205.128205,4230.769230,4503.076923,4218.974358,4619.487179,3968.205129,4044.615384
63,4307.179487,4488.717948,4512.307692,4229.743589,4500.000000,4195.384615,4437.435897,4200.512820,4227.692307,4488.205128,4212.820512,4615.897435,3949.743590,4029.230769
64,4303.076923,4474.871794,4512.307692,4229.743589,4496.923076,4195.897435,4431.282051,4199.487179,4224.102564,4481.538461,4203.076923,4609.230769,3940.000000,4018.461538
65,4309.230769,4485.128205,4523.076923,4237.435897,4498.461538,4206.666666,4440.512820,4202.564102,4224.615384,4478.974358,4207.179487,4609.743589,3950.256411,4030.769230
66,4313.846153,4502.564102,4525.641025,4236.410256,4498.974358,4210.769230,4446.153846,4200.000000,4222.051282,4466.666666,4207.692307,4611.282051,3960.000000,4035.384615
67,4312.820512,4510.256410,4516.923076,4234.871794,4495.897435,4205.128205,4440.512820,4191.282051,4213.333333,4450.256410,4203.076923,4606.666666,3956.923077,4026.153846
68,4309.230769,4501.538461,4512.820512,4243.076923,4499.487179,4204.102564,4439.487179,4188.205128,4210.256410,4445.641025,4204.615384,4601.025641,3955.384616,4025.641025
69,4304.102564,4494.871794,4517.948717,4245.128205,4508.717948,4205.641025,4436.410256,4194.358974,4216.410256,4447.692307,4207.692307,4606.153846,3957.435898,4028.717948
70,4302.051282,4500.512820,4523.076923,4239.487179,4504.102564,4205.641025,4432.307692,4204.615384,4229.230769,4455.384615,4215.897435,4615.384615,3958.461539,4029.743589
71,4303.076923,4506.153846,4525.128205,4239.487179,4501.538461,4209.230769,4438.461538,4213.846153,4242.051282,4470.256410,4227.179487,4617.948717,3966.153847,4038.461538
72,4300.000000,4507.179487,4522.564102,4245.128205,4510.256410,4214.871794,4447.179487,4214.871794,4242.051282,4475.384615,4231.282051,4616.923076,3972.820513,4043.589743
73,4289.743589,4506.153846,4517.435897,4244.102564,4511.282051,4214.358974,4441.538461,4208.717948,4230.769230,4462.051282,4225.128205,4613.333333,3968.717949,4036.923076
74,4280.512820,4504.102564,4517.948717,4237.435897,4501.538461,4210.256410,4432.820512,4206.153846,4226.666666,4456.410256,4223.076923,4612.307692,3965.128206,4034.358974
75,4277.948717,4498.461538,4523.589743,4241.025641,4497.948717,4211.794871,4437.948717,4205.641025,4229.230769,4462.564102,4224.102564,4615.384615,3964.102565,4035.897435
76,4272.307692,4493.333333,4525.641025,4245.128205,4503.076923,4210.256410,4439.487179,4198.974358,4226.666666,4454.358974,4214.871794,4614.871794,3953.333334,4030.256410
77,4267.692307,4491.282051,4526.153846,4238.974358,4498.461538,4202.564102,4430.769230,4198.461538,4225.641025,4443.076923,4207.179487,4614.871794,3950.256411,4030.256410
78,4274.358974,4495.897435,4532.820512,4237.435897,4488.717948,4204.615384,4435.384615,4208.717948,4234.358974,4448.717948,4220.512820,4627.179487,3964.615385,4041.538461
79,4276.923076,4501.538461,4537.435897,4243.076923,4490.256410,4212.820512,4443.589743,4210.769230,4239.487179,4463.589743,4236.410256,4633.333333,3970.769231,4046.153846
80,4265.128205,4495.897435,4528.205128,4240.000000,4495.384615,4207.179487,4434.358974,4203.589743,4234.358974,4466.666666,4229.743589,4621.538461,3958.974359,4036.923076
81,4258.461538,4486.666666,4523.076923,4238.974358,4488.205128,4197.948717,4426.153846,4196.410256,4226.666666,4455.384615,4213.333333,4613.846153,3952.307693,4029.743589
82,4264.615384,4485.641025,4526.666666,4251.282051,4480.512820,4201.025641,4430.769230,4194.871794,4222.564102,4449.230769,4207.179487,4615.897435,3957.435898,4032.820512
83,4272.820512,4497.435897,4531.794871,4251.794871,4485.128205,4208.205128,4432.307692,4194.358974,4221.538461,4454.871794,4210.769230,4622.051282,3963.076924,4042.564102
84,4272.820512,4505.641025,4534.871794,4241.538461,4492.307692,4211.282051,4428.717948,4193.846153,4220.512820,4453.333333,4220.512820,4627.179487,3964.102565,4045.641025
85,4262.051282,4500.000000,4529.230769,4235.897435,4489.743589,4208.205128,4428.717948,4193.333333,4220.000000,4448.205128,4221.538461,4620.000000,3960.512821,4033.846153
86,4256.410256,4495.384615,4524.615384,4237.435897,4483.076923,4207.692307,4433.846153,4196.410256,4223.589743,4457.435897,4217.435897,4616.410256,3958.974359,4029.743589
87,4265.641025,4501.538461,4529.230769,4245.641025,4488.205128,4214.871794,4440.512820,4203.589743,4228.205128,4465.128205,4226.666666,4628.205128,3964.102565,4042.564102
88,4271.794871,4497.435897,4531.282051,4248.205128,4495.384615,4218.461538,4441.025641,4203.076923,4227.179487,4462.051282,4227.179487,4628.717948,3969.743590,4044.615384
89,4268.205128,4488.205128,4529.230769,4245.641025,4489.230769,4211.282051,4436.923076,4200.000000,4226.666666,4462.564102,4213.333333,4621.025641,3969.230770,4036.923076
90,4267.692307,4497.435897,4530.769230,4246.153846,4485.641025,4211.282051,4434.358974,4201.025641,4228.717948,4468.205128,4219.487179,4627.692307,3966.153847,4038.461538
91,4270.769230,4507.692307,4531.282051,4247.179487,4488.717948,4212.307692,4430.256410,4200.512820,4228.205128,4471.794871,4229.230769,4631.282051,3965.641026,4042.051282
92,4273.333333,4508.717948,4528.717948,4248.205128,4484.615384,4208.205128,4430.256410,4202.051282,4232.820512,4475.384615,4220.000000,4627.179487,3968.205129,4040.512820
93,4273.846153,4508.717948,4528.205128,4251.282051,4483.076923,4209.743589,4432.307692,4204.102564,4236.410256,4474.358974,4217.948717,4628.717948,3970.769231,4041.538461
94,4274.358974,4501.538461,4528.717948,4250.256410,4488.717948,4210.769230,4429.743589,4198.974358,4227.179487,4467.692307,4224.102564,4626.666666,3963.589744,4040.512820
95,4277.948717,4498.461538,4529.743589,4249.230769,4487.692307,4205.641025,4428.717948,4193.846153,4221.538461,4468.717948,4223.076923,4625.128205,3965.641026,4040.000000
96,4283.076923,4513.846153,4531.282051,4254.358974,4486.153846,4204.615384,4429.230769,4198.974358,4230.256410,4476.923076,4225.641025,4633.333333,3974.358975,4045.128205
97,4281.025641,4514.871794,4528.205128,4255.384615,4488.717948,4206.153846,4426.666666,4196.410256,4230.256410,4476.923076,4229.230769,4630.769230,3970.256411,4045.128205
98,4274.871794,4496.923076,4525.128205,4249.230769,4486.666666,4200.512820,4424.615384,4189.743589,4218.974358,4469.743589,4216.923076,4617.948717,3962.051283,4035.384615
99,4276.923076,4497.435897,4523.076923,4243.076923,4482.564102,4200.000000,4428.717948,4194.358974,4219.487179,4470.769230,4212.307692,4617.948717,3965.641026,4031.282051
100,4276.410256,4503.589743,4521.025641,4240.000000,4484.102564,4204.615384,4430.769230,4194.358974,4223.589743,4471.794871,4218.974358,4619.487179,3966.666667,4031.794871
101,4269.743589,4495.897435,4523.076923,4241.538461,4478.974358,4201.025641,4427.179487,4187.692307,4218.461538,4467.692307,4216.410256,4613.846153,3950.769231,4027.179487
102,4275.384615,4496.410256,4526.153846,4248.717948,4474.358974,4200.512820,4429.230769,4192.820512,4217.435897,4469.230769,4214.871794,4617.435897,3951.282052,4030.256410
103,4287.692307,4505.641025,4526.666666,4250.769230,4484.102564,4204.615384,4431.282051,4198.974358,4226.153846,4470.769230,4216.923076,4624.102564,3973.333334,4040.512820
104,4287.692307,4503.076923,4525.641025,4245.641025,4488.717948,4200.000000,4425.128205,4193.846153,4227.692307,4469.743589,4213.846153,4618.974358,3974.358975,4038.974358
105,4285.641025,4506.153846,4527.692307,4247.692307,4484.102564,4197.435897,4426.666666,4195.384615,4226.153846,4478.974358,4219.487179,4617.948717,3960.512821,4036.923076
106,4292.307692,4521.025641,4531.282051,4255.897435,4485.641025,4209.230769,4439.487179,4203.076923,4230.769230,4485.128205,4233.333333,4629.230769,3968.717949,4048.205128
107,4295.384615,4521.538461,4532.820512,4254.358974,4487.692307,4213.333333,4442.051282,4203.589743,4232.307692,4479.487179,4235.384615,4633.333333,3985.641026,4051.794871
108,4295.384615,4505.641025,4532.307692,4247.692307,4486.666666,4208.717948,4440.000000,4201.025641,4226.666666,4473.846153,4228.205128,4629.743589,3979.487180,4044.615384
109,4293.333333,4498.974358,4527.692307,4248.205128,4488.205128,4207.692307,4438.974358,4199.487179,4226.153846,4473.333333,4225.128205,4628.205128,3969.230770,4040.512820
110,4287.179487,4506.666666,4524.102564,4245.128205,4490.256410,4203.589743,4433.333333,4196.923076,4231.794871,4475.897435,4221.025641,4625.128205,3971.794872,4039.487179
111,4285.128205,4515.897435,4523.589743,4238.974358,4487.692307,4204.615384,4434.358974,4196.923076,4232.307692,4474.358974,4220.512820,4618.461538,3973.333334,4038.974358
112,4291.794871,4514.871794,4527.179487,4245.128205,4481.025641,4209.230769,4440.512820,4197.435897,4226.666666,4470.769230,4219.487179,4618.461538,3968.205129,4038.974358
113,4295.897435,4503.589743,4527.179487,4250.256410,4478.974358,4206.153846,4434.358974,4195.384615,4222.051282,4474.358974,4215.897435,4622.051282,3960.000000,4038.461538
114,4291.794871,4498.461538,4528.717948,4246.666666,4486.666666,4206.666666,4430.256410,4195.897435,4223.589743,4480.512820,4221.538461,4624.615384,3962.051283,4040.512820
115,4290.769230,4503.589743,4530.769230,4247.179487,4484.102564,4212.820512,4441.025641,4198.974358,4230.256410,4479.487179,4229.230769,4627.692307,3971.282052,4043.076923
116,4298.461538,4515.897435,4532.820512,4249.743589,4478.974358,4212.820512,4446.153846,4205.128205,4238.461538,4480.000000,4227.179487,4631.282051,3975.897436,4046.666666
117,4308.205128,4522.051282,4534.358974,4248.205128,4488.205128,4212.820512,4443.589743,4212.820512,4244.615384,4487.692307,4230.256410,4634.871794,3978.461539,4053.846153
118,4312.820512,4511.794871,4537.435897,4253.846153,4489.230769,4218.461538,4446.153846,4214.871794,4247.692307,4496.410256,4244.615384,4637.948717,3982.564103,4058.974358
119,4314.358974,4507.692307,4540.000000,4262.564102,4481.025641,4221.025641,4447.692307,4215.897435,4253.333333,4503.076923,4247.692307,4641.025641,3985.641026,4058.974358
120,4318.461538,4527.692307,4540.000000,4262.051282,4486.153846,4224.102564,4447.179487,4218.974358,4255.897435,4498.461538,4241.538461,4643.589743,3986.153847,4060.512820
121,4315.384615,4529.230769,4534.871794,4252.820512,4490.769230,4221.025641,4443.076923,4216.410256,4245.641025,4491.794871,4241.025641,4640.512820,3986.153847,4060.512820
122,4307.692307,4503.589743,4525.641025,4245.641025,4478.974358,4211.794871,4438.461538,4207.692307,4235.897435,4496.410256,4238.461538,4631.794871,3981.025642,4050.769230
123,4309.743589,4502.564102,4525.641025,4248.717948,4478.974358,4216.410256,4443.589743,4206.153846,4241.538461,4504.102564,4236.410256,4631.282051,3976.923077,4047.692307
124,4311.794871,4513.846153,4529.743589,4250.769230,4487.692307,4220.000000,4446.666666,4207.179487,4243.076923,4492.820512,4233.333333,4634.358974,3975.897436,4051.282051
125,4305.641025,4507.692307,4523.076923,4244.102564,4478.974358,4211.282051,4432.820512,4202.564102,4231.282051,4471.794871,4223.589743,4626.666666,3973.333334,4044.615384
126,4308.717948,4507.179487,4521.025641,4250.256410,4464.615384,4209.230769,4429.230769,4198.974358,4232.307692,4479.487179,4221.025641,4624.102564,3975.384616,4042.051282
127,4316.410256,4516.923076,4530.256410,4263.076923,4469.230769,4216.410256,4437.948717,4202.051282,4241.538461,4499.487179,4230.256410,4633.333333,3978.974359,4051.794871
128,4314.358974,4512.820512,4532.307692,4256.923076,4480.512820,4217.435897,4435.384615,4204.615384,4237.948717,4494.871794,4231.794871,4632.820512,3970.256411,4053.846153
129,4313.846153,4508.205128,4525.128205,4248.717948,4473.846153,4213.333333,4431.794871,4201.025641,4232.307692,4485.128205,4227.692307,4621.538461,3963.589744,4047.179487
130,4319.487179,4518.461538,4523.076923,4255.384615,4469.743589,4211.794871,4436.923076,4200.512820,4234.871794,4488.717948,4231.282051,4620.000000,3976.923077,4048.205128
131,4317.948717,4521.025641,4522.051282,4254.358974,4476.410256,4214.358974,4434.871794,4202.051282,4233.333333,4488.717948,4232.820512,4624.615384,3986.666667,4050.256410
132,4314.871794,4505.641025,4518.461538,4243.589743,4474.871794,4213.333333,4428.717948,4197.435897,4225.641025,4478.974358,4225.128205,4620.512820,3975.897436,4044.615384
133,4320.512820,4495.897435,4518.974358,4247.692307,4472.820512,4207.179487,4431.282051,4197.435897,4224.615384,4476.410256,4219.487179,4620.000000,3968.205129,4043.589743
134,4324.102564,4503.076923,4525.128205,4254.358974,4474.871794,4207.179487,4431.282051,4202.564102,4228.717948,4481.025641,4220.000000,4625.641025,3971.794872,4045.641025
135,4320.000000,4506.153846,4523.076923,4242.564102,4474.358974,4208.717948,4426.153846,4201.538461,4228.205128,4480.512820,4222.564102,4623.076923,3964.615385,4042.564102
136,4323.076923,4512.820512,4518.974358,4237.435897,4471.794871,4207.692307,4428.205128,4200.000000,4226.666666,4481.538461,4228.205128,4625.128205,3960.512821,4042.564102
137,4332.307692,4521.538461,4525.128205,4252.820512,4481.538461,4213.333333,4434.871794,4204.615384,4229.743589,4486.666666,4233.846153,4635.384615,3977.948718,4051.282051
138,4324.615384,4507.692307,4520.000000,4251.282051,4491.282051,4211.794871,4431.794871,4198.974358,4226.153846,4479.487179,4221.025641,4628.205128,3982.051283,4047.692307
139,4307.692307,4487.692307,4503.076923,4231.794871,4481.025641,4200.000000,4420.000000,4185.128205,4214.871794,4463.589743,4199.487179,4609.743589,3960.512821,4029.743589
140,4311.794871,4497.435897,4506.153846,4234.358974,4464.102564,4202.564102,4422.051282,4186.666666,4214.358974,4468.205128,4206.666666,4612.307692,3956.410257,4027.179487
141,4323.076923,4510.769230,4516.410256,4245.128205,4463.076923,4210.256410,4431.794871,4197.435897,4226.153846,4483.076923,4224.102564,4620.512820,3964.615385,4037.435897
142,4318.974358,4501.025641,4509.230769,4240.512820,4476.410256,4206.153846,4429.743589,4198.974358,4226.666666,4475.384615,4215.897435,4617.435897,3958.974359,4037.435897
143,4319.487179,4498.974358,4511.282051,4242.051282,4487.179487,4208.205128,4426.666666,4198.461538,4220.512820,4467.179487,4209.743589,4617.435897,3963.076924,4036.923076
144,4331.282051,4508.717948,4521.538461,4251.794871,4493.333333,4215.897435,4432.307692,4205.128205,4225.641025,4482.051282,4227.179487,4622.564102,3980.512821,4047.692307
145,4332.820512,4508.717948,4516.923076,4248.205128,4491.794871,4210.769230,4431.282051,4202.564102,4231.282051,4490.256410,4228.717948,4618.461538,3985.128206,4048.205128
146,4329.743589,4505.641025,4511.282051,4245.128205,4481.538461,4204.615384,4426.666666,4197.435897,4229.230769,4485.641025,4218.461538,4617.435897,3983.589744,4040.000000
147,4337.948717,4513.333333,4518.461538,4256.410256,4482.051282,4210.769230,4436.410256,4204.615384,4234.871794,4492.307692,4232.307692,4628.205128,3987.179488,4046.153846
148,4342.051282,4520.000000,4523.589743,4254.358974,4489.230769,4212.820512,4441.025641,4208.205128,4241.025641,4496.923076,4241.538461,4630.769230,3986.153847,4054.871794
149,4331.794871,4513.333333,4511.794871,4239.487179,4486.666666,4210.256410,4431.282051,4201.025641,4233.333333,4487.692307,4227.179487,4618.461538,3973.846154,4044.102564
150,4321.538461,4500.000000,4499.487179,4238.974358,4483.589743,4208.205128,4425.128205,4194.871794,4223.589743,4482.564102,4217.948717,4612.307692,3967.179488,4029.743589
151,4324.102564,4494.871794,4500.512820,4243.589743,4483.589743,4204.615384,4427.179487,4191.794871,4221.538461,4480.512820,4220.000000,4613.333333,3973.846154,4030.769230
152,4335.384615,4502.564102,4508.717948,4241.025641,4476.923076,4200.512820,4427.179487,4192.820512,4223.589743,4480.512820,4225.128205,4616.923076,3975.384616,4040.000000
153,4340.512820,4508.205128,4514.871794,4245.128205,4471.794871,4203.589743,4427.692307,4197.948717,4230.256410,4483.589743,4230.256410,4622.564102,3973.846154,4045.641025
154,4342.051282,4508.717948,4515.897435,4250.769230,4483.076923,4209.743589,4436.410256,4203.589743,4235.384615,4489.230769,4226.666666,4623.589743,3987.692308,4044.615384
155,4344.102564,4506.666666,4514.358974,4246.153846,4491.794871,4213.333333,4443.589743,4206.153846,4238.461538,4492.820512,4218.974358,4620.000000,3993.333334,4042.051282
156,4344.102564,4498.461538,4511.794871,4246.153846,4488.205128,4216.410256,4441.538461,4207.179487,4238.461538,4489.230769,4221.538461,4620.000000,3971.794872,4042.051282
157,4344.615384,4504.102564,4512.307692,4250.256410,4485.128205,4217.435897,4440.000000,4207.179487,4235.384615,4485.641025,4230.256410,4620.512820,3962.564103,4041.025641
158,4346.153846,4515.897435,4512.820512,4250.256410,4483.589743,4215.384615,4443.589743,4206.666666,4230.769230,4491.282051,4227.179487,4618.974358,3975.897436,4040.512820
159,4341.538461,4508.717948,4510.256410,4249.743589,4480.000000,4212.307692,4440.512820,4202.564102,4224.615384,4488.717948,4211.794871,4615.897435,3974.358975,4036.410256
160,4334.358974,4497.435897,4507.692307,4246.153846,4475.897435,4209.230769,4431.282051,4194.871794,4217.948717,4471.282051,4203.076923,4610.256410,3957.435898,4029.743589
161,4338.461538,4500.512820,4508.205128,4244.615384,4480.512820,4213.333333,4429.230769,4196.923076,4216.923076,4462.051282,4206.153846,4610.769230,3958.974359,4028.717948
162,4345.641025,4505.128205,4510.256410,4250.256410,4486.666666,4218.461538,4437.435897,4202.564102,4228.205128,4471.282051,4208.205128,4617.948717,3973.846154,4036.410256
163,4346.153846,4501.025641,4512.820512,4250.769230,4479.487179,4215.384615,4440.000000,4202.564102,4236.410256,4480.512820,4213.333333,4618.461538,3968.205129,4039.487179
164,4342.564102,4498.974358,4513.333333,4242.051282,4471.794871,4206.153846,4435.384615,4201.025641,4230.256410,4473.846153,4223.076923,4613.846153,3960.512821,4034.871794
165,4343.076923,4497.435897,4510.769230,4233.846153,4473.333333,4205.641025,4436.410256,4197.435897,4220.512820,4455.384615,4214.358974,4614.358974,3966.666667,4030.769230
166,4345.128205,4494.358974,4507.692307,4233.846153,4478.461538,4214.871794,4442.564102,4196.410256,4221.538461,4447.692307,4204.102564,4615.384615,3969.743590,4028.205128
167,4345.641025,4495.897435,4508.717948,4240.000000,4481.538461,4216.923076,4446.153846,4202.051282,4227.692307,4455.384615,4208.205128,4615.897435,3971.794872,4030.256410
168,4347.179487,4503.076923,4514.358974,4246.666666,4487.179487,4215.384615,4449.230769,4208.205128,4230.769230,4458.974358,4213.846153,4623.589743,3982.051283,4037.948717
169,4349.743589,4511.794871,4520.512820,4249.230769,4495.384615,4219.487179,4452.820512,4210.769230,4237.435897,4452.820512,4224.102564,4633.846153,3985.128206,4044.102564
170,4346.666666,4516.923076,4520.512820,4246.153846,4496.410256,4218.974358,4448.205128,4210.256410,4239.487179,4444.102564,4232.307692,4633.846153,3976.923077,4044.102564
171,4337.948717,4515.897435,4516.410256,4243.589743,4492.307692,4215.384615,4442.051282,4204.102564,4235.384615,4444.615384,4231.282051,4630.769230,3978.974359,4042.051282
172,4333.846153,4512.307692,4515.897435,4250.769230,4494.358974,4220.000000,4446.153846,4205.641025,4236.410256,4446.666666,4229.743589,4635.897435,3989.743590,4046.666666
173,4332.820512,4511.282051,4521.538461,4257.948717,4499.487179,4222.051282,4449.743589,4216.410256,4242.051282,4445.128205,4230.769230,4643.589743,3992.820513,4053.333333
174,4326.666666,4510.256410,4521.538461,4254.358974,4494.871794,4208.717948,4440.512820,4211.794871,4241.025641,4445.128205,4226.666666,4642.564102,3989.230770,4049.743589
175,4317.435897,4509.230769,4515.897435,4246.153846,4489.743589,4203.589743,4431.794871,4198.461538,4232.307692,4444.615384,4229.230769,4637.435897,3987.179488,4042.051282
176,4312.820512,4516.410256,4516.410256,4241.538461,4487.692307,4210.256410,4438.461538,4200.000000,4231.794871,4441.025641,4237.435897,4635.897435,3976.410257,4042.051282
177,4310.256410,4516.923076,4515.384615,4241.538461,4480.512820,4208.205128,4446.153846,4204.615384,4234.871794,4441.025641,4227.179487,4631.794871,3966.153847,4043.589743
178,4306.666666,4505.641025,4512.820512,4244.615384,4475.384615,4203.589743,4442.051282,4198.461538,4230.256410,4441.538461,4212.307692,4628.717948,3977.948718,4040.512820
179,4304.102564,4501.025641,4513.333333,4247.179487,4478.461538,4202.051282,4437.435897,4195.384615,4229.230769,4435.897435,4215.897435,4631.794871,3990.769231,4040.000000
180,4305.128205,4508.205128,4515.384615,4248.205128,4483.589743,4206.153846,4441.538461,4199.487179,4237.435897,4440.000000,4227.179487,4633.846153,3988.205129,4044.102564
181,4309.230769,4519.487179,4518.974358,4251.282051,4487.692307,4211.282051,4447.692307,4202.051282,4242.564102,4454.358974,4231.282051,4634.871794,3985.128206,4048.717948
182,4305.641025,4517.435897,4519.487179,4252.307692,4482.051282,4206.153846,4443.076923,4197.435897,4236.923076,4455.384615,4226.153846,4634.871794,3977.948718,4045.641025
183,4292.820512,4501.538461,4512.820512,4243.589743,4470.256410,4193.333333,4434.871794,4190.256410,4227.179487,4440.512820,4212.820512,4628.717948,3960.512821,4034.871794
184,4289.743589,4502.564102,4506.666666,4233.333333,4467.692307,4196.410256,4440.512820,4188.717948,4223.589743,4432.307692,4203.076923,4624.615384,3957.435898,4028.205128
185,4294.358974,4511.794871,4508.717948,4236.923076,4474.358974,4204.102564,4446.666666,4193.333333,4226.666666,4441.538461,4207.692307,4627.179487,3965.641026,4029.743589
186,4291.282051,4503.076923,4510.256410,4244.102564,4477.948717,4199.487179,4442.051282,4198.461538,4228.717948,4451.282051,4211.794871,4625.641025,3961.025642,4029.743589
187,4290.769230,4500.000000,4510.769230,4241.025641,4472.307692,4201.538461,4443.076923,4201.538461,4230.769230,4453.333333,4208.205128,4625.128205,3961.025642,4030.769230
188,4296.410256,4510.256410,4514.358974,4237.948717,4468.205128,4211.282051,4451.794871,4201.538461,4234.871794,4442.564102,4206.153846,4631.282051,3976.410257,4035.384615
189,4296.923076,4509.743589,4516.923076,4244.102564,4476.410256,4210.769230,4450.769230,4202.051282,4232.820512,4433.846153,4207.179487,4631.794871,3977.435898,4037.948717
190,4297.435897,4505.641025,4517.948717,4249.230769,4482.051282,4201.538461,4444.102564,4203.076923,4229.743589,4446.666666,4217.948717,4632.307692,3961.538462,4036.923076
191,4295.384615,4506.666666,4514.871794,4248.717948,4478.974358,4198.974358,4440.000000,4196.410256,4228.205128,4461.025641,4224.102564,4632.820512,3955.384616,4033.846153
192,4283.076923,4499.487179,4502.564102,4242.051282,4470.769230,4192.820512,4433.333333,4187.179487,4221.025641,4446.153846,4209.230769,4621.025641,3957.948718,4025.641025
193,4280.000000,4492.820512,4494.358974,4234.358974,4464.102564,4181.025641,4423.589743,4180.512820,4214.871794,4431.794871,4192.307692,4611.794871,3961.538462,4018.461538
194,4291.794871,4501.538461,4501.025641,4235.384615,4470.769230,4187.179487,4428.717948,4183.076923,4216.923076,4447.179487,4198.461538,4621.025641,3969.743590,4024.102564
195,4299.487179,4515.897435,4510.256410,4247.692307,4481.025641,4205.128205,4444.102564,4195.384615,4225.641025,4462.051282,4212.307692,4633.333333,3971.282052,4036.410256
196,4300.000000,4517.435897,4511.794871,4260.000000,4476.410256,4203.589743,4446.153846,4200.000000,4229.743589,4453.846153,4213.333333,4633.333333,3963.589744,4036.923076
197,4298.461538,4507.692307,4504.615384,4252.820512,4466.153846,4190.769230,4435.384615,4190.256410,4222.051282,4440.512820,4208.717948,4624.102564,3959.487180,4026.666666
198,4293.846153,4501.538461,4497.435897,4237.435897,4460.000000,4184.615384,4424.615384,4182.051282,4215.897435,4441.538461,4199.487179,4615.384615,3961.025642,4019.487179
199,4295.897435,4505.641025,4497.948717,4241.025641,4454.871794,4186.153846,4428.205128,4183.076923,4223.076923,4456.923076,4195.897435,4619.487179,3965.128206,4025.641025
200,4307.179487,4514.358974,4506.153846,4254.358974,4459.487179,4193.846153,4442.564102,4193.333333,4230.769230,4468.205128,4209.743589,4632.820512,3972.820513,4038.461538
201,4314.358974,4519.487179,4512.820512,4252.820512,4470.256410,4202.051282,4449.230769,4203.589743,4231.282051,4466.666666,4214.871794,4636.410256,3973.846154,4043.076923
202,4313.846153,4522.051282,4512.820512,4248.717948,4472.820512,4203.589743,4444.102564,4201.538461,4228.205128,4465.641025,4208.205128,4632.307692,3965.641026,4040.512820
203,4314.358974,4521.025641,4510.769230,4255.384615,4470.769230,4201.025641,4439.487179,4193.333333,4223.076923,4461.538461,4215.897435,4631.282051,3965.128206,4039.487179
204,4313.846153,4512.307692,4509.230769,4256.410256,4470.256410,4195.897435,4435.384615,4192.820512,4225.128205,4455.384615,4224.615384,4632.307692,3973.333334,4041.025641
205,4315.384615,4512.307692,4508.205128,4251.282051,4472.820512,4192.820512,4433.333333,4198.461538,4231.794871,4460.000000,4215.897435,4631.282051,3978.974359,4043.076923
206,4322.051282,4528.717948,4509.743589,4249.743589,4474.358974,4198.974358,4438.461538,4201.025641,4230.769230,4466.153846,4214.358974,4633.333333,3979.487180,4047.179487
207,4322.051282,4529.743589,4511.282051,4251.794871,4474.358974,4202.564102,4442.564102,4199.487179,4224.615384,4456.410256,4214.358974,4633.333333,3978.974359,4044.615384
208,4317.435897,4508.717948,4507.692307,4251.794871,4473.333333,4195.384615,4441.025641,4196.923076,4221.538461,4453.846153,4207.692307,4626.153846,3973.846154,4036.923076
209,4320.000000,4510.256410,4507.692307,4246.153846,4471.794871,4196.923076,4445.128205,4201.025641,4228.205128,4472.307692,4222.564102,4626.666666,3968.205129,4037.435897
210,4323.076923,4530.256410,4513.846153,4247.692307,4474.358974,4205.641025,4450.256410,4205.641025,4235.384615,4474.358974,4234.358974,4633.846153,3974.358975,4044.102564
211,4321.025641,4521.025641,4512.820512,4254.358974,4478.461538,4203.076923,4448.205128,4201.538461,4228.205128,4460.512820,4215.897435,4633.846153,3983.589744,4042.051282
212,4324.102564,4506.153846,4511.282051,4254.358974,4479.487179,4200.000000,4445.641025,4198.974358,4226.666666,4466.153846,4207.179487,4630.256410,3987.179488,4041.538461
213,4330.256410,4516.410256,4514.871794,4254.358974,4476.923076,4203.589743,4447.179487,4206.153846,4235.897435,4475.384615,4220.512820,4632.820512,3981.538462,4047.179487
214,4330.769230,4522.564102,4515.384615,4258.974358,4475.897435,4202.564102,4445.641025,4210.256410,4235.384615,4470.256410,4229.743589,4639.487179,3969.230770,4047.692307
215,4332.307692,4520.000000,4517.948717,4257.948717,4476.923076,4200.512820,4448.717948,4208.717948,4234.358974,4475.897435,4228.717948,4644.102564,3972.820513,4048.205128
216,4332.307692,4518.461538,4516.410256,4249.743589,4475.384615,4204.102564,4457.435897,4207.179487,4235.384615,4482.564102,4220.000000,4639.487179,3984.102565,4048.205128
217,4324.102564,4510.256410,4506.666666,4243.589743,4473.333333,4202.564102,4453.846153,4202.564102,4225.641025,4465.641025,4206.153846,4630.256410,3977.435898,4038.461538
218,4325.641025,4507.692307,4507.179487,4248.717948,4480.000000,4199.487179,4447.692307,4203.589743,4222.564102,4464.615384,4208.717948,4630.256410,3971.282052,4037.948717
219,4338.974358,4516.923076,4517.435897,4260.512820,4488.717948,4201.538461,4451.794871,4214.871794,4232.820512,4483.076923,4227.179487,4639.487179,3979.487180,4050.769230
220,4336.410256,4515.897435,4514.871794,4262.051282,4485.128205,4197.435897,4450.256410,4214.358974,4230.256410,4478.974358,4229.230769,4640.000000,3973.333334,4047.179487
221,4324.102564,4505.128205,4507.179487,4247.692307,4475.384615,4191.282051,4438.974358,4200.512820,4223.076923,4461.025641,4213.846153,4632.307692,3958.974359,4034.871794
222,4328.205128,4504.102564,4509.230769,4246.153846,4473.333333,4197.435897,4439.487179,4198.461538,4224.615384,4466.666666,4209.230769,4634.871794,3964.615385,4040.512820
223,4336.923076,4511.794871,4509.230769,4253.846153,4482.564102,4204.102564,4446.666666,4204.615384,4226.666666,4481.025641,4217.948717,4641.025641,3976.410257,4046.666666
224,4329.743589,4514.871794,4500.512820,4248.205128,4488.205128,4198.974358,4444.102564,4200.000000,4223.589743,4477.948717,4214.358974,4632.820512,3972.820513,4036.410256
225,4323.076923,4511.282051,4495.897435,4243.589743,4480.000000,4195.897435,4441.025641,4196.410256,4220.512820,4471.282051,4206.153846,4623.589743,3966.666667,4029.230769
226,4332.820512,4506.153846,4503.589743,4250.256410,4477.948717,4203.589743,4444.102564,4202.564102,4225.128205,4475.384615,4210.769230,4630.256410,3972.820513,4035.897435
227,4335.897435,4505.128205,4508.205128,4251.794871,4481.025641,4198.974358,4440.000000,4201.025641,4227.179487,4475.897435,4211.282051,4635.384615,3978.974359,4042.051282
228,4329.230769,4501.025641,4500.512820,4248.205128,4478.974358,4186.666666,4428.717948,4188.717948,4216.923076,4468.205128,4208.205128,4628.205128,3966.153847,4035.897435
229,4330.256410,4500.000000,4495.384615,4249.230769,4482.051282,4191.794871,4427.692307,4186.666666,4210.769230,4468.205128,4211.282051,4625.641025,3955.384616,4030.769230
230,4338.974358,4508.717948,4500.000000,4251.794871,4486.153846,4197.948717,4431.282051,4192.307692,4217.435897,4476.410256,4209.743589,4629.743589,3965.128206,4036.923076
231,4340.000000,4511.282051,4503.076923,4249.230769,4476.923076,4193.333333,4428.205128,4193.846153,4223.076923,4478.461538,4206.666666,4630.769230,3981.025642,4042.051282
232,4336.923076,4505.641025,4505.128205,4245.641025,4469.230769,4195.384615,4432.307692,4197.435897,4224.615384,4477.948717,4208.717948,4629.743589,3984.102565,4038.461538
233,4344.615384,4511.282051,4510.769230,4248.205128,4475.897435,4203.076923,4441.025641,4204.102564,4231.282051,4485.641025,4215.384615,4634.871794,3981.538462,4042.564102
234,4353.333333,4521.025641,4514.871794,4255.384615,4484.615384,4201.025641,4441.538461,4207.692307,4233.333333,4495.384615,4222.564102,4642.051282,3977.948718,4049.743589
235,4355.897435,4516.410256,4514.358974,4256.410256,4485.128205,4198.461538,4438.461538,4206.666666,4228.717948,4496.923076,4225.641025,4640.000000,3968.717949,4047.692307
236,4353.333333,4508.717948,4510.769230,4251.282051,4484.102564,4201.538461,4438.974358,4204.102564,4225.128205,4490.769230,4220.000000,4633.846153,3965.128206,4042.564102
237,4351.282051,4509.743589,4505.128205,4248.717948,4484.615384,4200.000000,4441.538461,4199.487179,4223.076923,4486.153846,4210.769230,4633.333333,3974.871795,4042.051282
238,4350.769230,4508.717948,4502.051282,4245.641025,4483.589743,4198.461538,4443.589743,4200.000000,4222.051282,4488.205128,4209.743589,4632.820512,3983.076924,4040.512820
239,4352.820512,4510.769230,4505.128205,4245.128205,4482.051282,4205.641025,4443.589743,4206.153846,4226.666666,4490.256410,4212.307692,4633.846153,3982.564103,4041.025641
240,4361.025641,4519.487179,4511.282051,4252.307692,4487.692307,4214.358974,4446.153846,4207.179487,4230.769230,4489.743589,4216.923076,4643.076923,3981.025642,4046.153846
241,4365.641025,4520.512820,4512.307692,4261.538461,4498.461538,4212.307692,4448.717948,4204.102564,4229.230769,4493.846153,4223.076923,4649.230769,3986.666667,4052.307692
242,4363.589743,4516.410256,4511.794871,4262.564102,4492.820512,4205.641025,4444.102564,4206.666666,4228.717948,4498.461538,4230.256410,4647.179487,3988.717949,4053.846153
243,4366.666666,4519.487179,4512.307692,4256.923076,4481.538461,4204.102564,4442.051282,4208.717948,4231.282051,4496.410256,4232.307692,4645.128205,3984.102565,4050.769230
244,4369.743589,4527.179487,4507.179487,4248.717948,4483.589743,4203.076923,4444.102564,4205.641025,4230.769230,4493.846153,4221.025641,4640.512820,3986.153847,4048.205128
245,4365.128205,4529.230769,4498.974358,4245.128205,4486.153846,4201.025641,4443.589743,4203.076923,4229.230769,4503.589743,4211.794871,4634.871794,3990.256411,4049.743589
246,4366.666666,4526.153846,4500.512820,4255.384615,4477.948717,4202.051282,4442.564102,4204.102564,4229.230769,4513.333333,4218.974358,4637.435897,3989.230770,4052.820512
247,4379.487179,4523.076923,4512.307692,4269.230769,4479.487179,4205.641025,4443.589743,4207.692307,4228.717948,4508.205128,4235.384615,4644.102564,3990.256411,4056.923076
248,4386.666666,4529.230769,4518.974358,4272.820512,4488.717948,4207.179487,4446.666666,4216.923076,4233.846153,4501.025641,4246.666666,4648.205128,3998.461539,4061.538461
249,4384.102564,4536.923076,4512.820512,4266.153846,4486.666666,4205.641025,4447.179487,4217.948717,4234.871794,4496.410256,4241.025641,4645.128205,3994.871795,4061.538461
250,4376.923076,4535.384615,4502.051282,4256.410256,4482.564102,4198.461538,4436.923076,4204.615384,4225.128205,4488.205128,4217.948717,4634.358974,3974.871795,4050.256410
251,4372.307692,4526.153846,4500.000000,4257.435897,4482.051282,4198.461538,4431.282051,4198.461538,4224.102564,4493.846153,4205.641025,4628.717948,3970.769231,4041.538461
252,4376.923076,4520.000000,4509.743589,4265.128205,4478.974358,4210.769230,4442.051282,4202.564102,4231.794871,4507.179487,4220.000000,4638.461538,3989.743590,4050.256410
253,4383.589743,4522.051282,4510.769230,4261.538461,4479.487179,4214.358974,4445.128205,4201.025641,4228.205128,4502.051282,4230.769230,4644.102564,3994.358975,4056.923076
254,4383.076923,4525.641025,4502.564102,4256.410256,4480.000000,4204.615384,4437.948717,4192.307692,4215.384615,4487.692307,4221.025641,4637.435897,3976.410257,4048.205128
255,4378.461538,4521.538461,4499.487179,4260.512820,4475.897435,4200.000000,4436.923076,4194.871794,4212.820512,4487.692307,4207.692307,4632.307692,3971.794872,4042.564102
256,4373.333333,4517.948717,4500.000000,4258.974358,4478.974358,4204.102564,4438.974358,4202.564102,4219.487179,4493.846153,4208.205128,4632.820512,3978.974359,4043.076923
257,4367.692307,4517.948717,4493.333333,4247.692307,4485.128205,4201.025641,4436.410256,4198.974358,4221.538461,4492.820512,4213.333333,4629.230769,3970.256411,4036.923076
258,4368.717948,4519.487179,4489.743589,4244.615384,4480.000000,4197.435897,4431.282051,4193.846153,4217.435897,4487.179487,4208.717948,4626.666666,3966.153847,4032.820512
259,4374.871794,4524.615384,4496.410256,4252.307692,4474.871794,4198.974358,4429.743589,4197.435897,4220.512820,4485.128205,4206.153846,4630.256410,3975.897436,4040.512820
