,AF3,F7,F3,FC5,T7,P7,O1,O2,P8,T8,FC6,F4,F8,AF4
0,4442.564102,4546.153846,4536.923076,4286.153846,4514.358974,4185.641025,4426.153846,4234.871794,4229.743589,4466.666666,4168.717948,4646.666666,3974.358975,4063.076923
1,4441.538461,4541.025641,4538.461538,4285.128205,4509.743589,4185.641025,4427.179487,4240.512820,4232.307692,4462.564102,4168.717948,4648.717948,3973.333334,4057.948717
2,4433.846153,4537.435897,4536.923076,4283.076923,4507.179487,4185.641025,4427.179487,4238.974358,4222.051282,4453.333333,4166.153846,4647.179487,3967.179488,4057.948717
3,4426.153846,4535.897435,4534.358974,4281.538461,4506.666666,4184.615384,4426.153846,4230.256410,4214.358974,4447.179487,4164.102564,4647.179487,3965.128206,4058.974358
4,4436.410256,4539.487179,4539.487179,4287.692307,4508.205128,4185.128205,4425.641025,4233.333333,4221.025641,4452.820512,4167.692307,4655.384615,3971.282052,4063.076923
5,4444.615384,4543.076923,4540.512820,4290.769230,4512.307692,4187.692307,4429.743589,4245.128205,4226.666666,4461.538461,4172.307692,4655.384615,3976.923077,4066.153846
6,4433.333333,4537.435897,4530.769230,4283.589743,4508.717948,4185.641025,4429.230769,4243.076923,4217.948717,4453.333333,4167.692307,4643.076923,3970.769231,4055.384615
7,4425.641025,4532.820512,4527.692307,4278.974358,4503.589743,4182.051282,4425.641025,4238.974358,4215.384615,4444.102564,4165.641025,4640.000000,3962.051283,4044.615384
8,4431.282051,4537.948717,4528.717948,4281.538461,4507.179487,4185.128205,4428.205128,4245.641025,4226.153846,4452.307692,4170.769230,4642.564102,3963.589744,4049.230769
9,4429.230769,4533.333333,4525.641025,4279.487179,4504.102564,4185.641025,4429.743589,4243.076923,4225.128205,4460.000000,4169.230769,4638.974358,3965.641026,4055.384615
10,4426.153846,4527.179487,4528.205128,4278.461538,4496.410256,4181.538461,4426.666666,4234.358974,4217.948717,4455.897435,4171.282051,4643.076923,3966.666667,4054.871794
11,4436.923076,4533.333333,4537.948717,4285.641025,4501.025641,4182.051282,4427.179487,4240.512820,4226.153846,4458.461538,4182.051282,4654.871794,3976.923077,4063.076923
12,4447.179487,4540.512820,4544.102564,4294.358974,4510.256410,4186.153846,4433.846153,4250.256410,4237.435897,4473.333333,4187.692307,4661.538461,3989.743590,4074.871794
13,4446.666666,4547.692307,4545.641025,4298.461538,4507.692307,4187.692307,4435.897435,4249.743589,4238.461538,4478.974358,4192.820512,4662.564102,3992.307693,4078.461538
14,4444.102564,4552.820512,4543.076923,4298.461538,4504.102564,4187.692307,4429.743589,4247.179487,4235.384615,4467.692307,4196.410256,4658.461538,3989.230770,4076.410256
15,4445.128205,4544.615384,4536.410256,4296.923076,4508.205128,4188.205128,4428.205128,4247.692307,4233.333333,4460.512820,4189.743589,4649.230769,3983.076924,4071.282051
16,4444.102564,4540.000000,4535.897435,4295.897435,4507.692307,4187.692307,4431.794871,4247.179487,4232.307692,4463.076923,4183.076923,4647.179487,3976.410257,4067.179487
17,4445.128205,4549.230769,4539.487179,4294.871794,4503.589743,4186.153846,4425.641025,4247.692307,4233.846153,4459.487179,4183.589743,4651.282051,3975.897436,4069.743589
18,4454.358974,4553.846153,4538.461538,4298.461538,4504.615384,4185.641025,4420.512820,4249.230769,4231.794871,4460.000000,4186.666666,4655.897435,3977.948718,4078.461538
19,4459.487179,4550.769230,4543.589743,4304.102564,4506.666666,4186.153846,4425.641025,4250.256410,4232.307692,4473.333333,4194.358974,4662.051282,3981.025642,4083.076923
20,4458.461538,4551.282051,4551.794871,4307.179487,4504.615384,4185.641025,4426.666666,4249.230769,4235.384615,4473.846153,4201.025641,4666.153846,3985.641026,4083.589743
21,4457.948717,4553.333333,4548.205128,4308.717948,4506.666666,4186.153846,4422.051282,4248.205128,4235.897435,4465.128205,4202.051282,4663.589743,3989.230770,4084.102564
22,4460.512820,4555.384615,4543.589743,4308.205128,4505.128205,4186.666666,4421.538461,4248.205128,4236.923076,4466.666666,4197.948717,4662.051282,3986.666667,4082.051282
23,4456.923076,4554.871794,4546.153846,4307.692307,4496.410256,4186.666666,4418.974358,4248.717948,4235.384615,4467.179487,4191.794871,4661.538461,3980.512821,4078.974358
24,4450.769230,4549.743589,4542.564102,4307.692307,4492.820512,4186.153846,4417.435897,4248.205128,4231.794871,4458.974358,4192.307692,4658.461538,3977.948718,4075.384615
25,4452.307692,4549.743589,4536.410256,4306.153846,4494.871794,4185.128205,4423.589743,4249.743589,4232.820512,4457.435897,4198.461538,4656.410256,3982.564103,4072.820512
26,4457.948717,4554.358974,4541.025641,4307.179487,4500.512820,4190.769230,4424.102564,4252.307692,4236.410256,4466.666666,4201.025641,4658.974358,3988.205129,4080.000000
27,4458.461538,4553.333333,4543.076923,4313.333333,4501.025641,4195.897435,4422.051282,4250.769230,4234.871794,4469.743589,4198.974358,4660.512820,3986.153847,4087.179487
28,4457.435897,4550.256410,4538.974358,4314.358974,4497.948717,4191.282051,4427.179487,4247.179487,4232.307692,4462.051282,4200.000000,4658.974358,3985.641026,4087.179487
29,4458.461538,4553.333333,4540.512820,4308.717948,4497.435897,4186.153846,4427.692307,4247.179487,4233.333333,4456.923076,4206.153846,4658.461538,3990.256411,4087.692307
30,4456.923076,4553.333333,4540.512820,4309.230769,4496.923076,4187.179487,4418.461538,4246.153846,4230.769230,4461.025641,4210.256410,4657.435897,3991.282052,4087.692307
31,4455.897435,4548.205128,4535.897435,4313.333333,4490.769230,4187.692307,4413.333333,4244.102564,4226.666666,4460.512820,4203.589743,4651.794871,3986.153847,4083.589743
32,4455.897435,4547.179487,4534.871794,4311.794871,4487.179487,4183.589743,4417.435897,4244.102564,4227.179487,4453.333333,4197.948717,4650.256410,3983.076924,4082.564102
33,4457.435897,4552.820512,4540.512820,4313.846153,4491.794871,4186.666666,4425.641025,4249.743589,4232.307692,4456.923076,4208.717948,4659.487179,3988.205129,4091.282051
34,4461.538461,4555.897435,4542.564102,4322.051282,4492.820512,4196.410256,4428.717948,4255.384615,4234.871794,4463.076923,4220.000000,4668.205128,3990.256411,4096.923076
35,4460.512820,4550.769230,4543.589743,4322.564102,4490.256410,4194.358974,4423.589743,4252.307692,4231.794871,4456.410256,4215.384615,4664.615384,3986.153847,4093.333333
36,4460.512820,4548.717948,4550.256410,4321.025641,4493.846153,4187.692307,4423.589743,4252.820512,4234.871794,4455.384615,4214.871794,4663.589743,3987.692308,4094.871794
37,4472.307692,4557.435897,4555.897435,4329.743589,4501.025641,4197.435897,4432.307692,4264.615384,4245.641025,4467.179487,4226.666666,4673.846153,3995.384616,4106.666666
38,4477.948717,4562.051282,4552.820512,4334.358974,4498.974358,4204.102564,4432.307692,4265.641025,4245.641025,4465.128205,4228.205128,4675.384615,3994.358975,4110.769230
39,4465.641025,4555.897435,4544.615384,4327.179487,4489.743589,4190.256410,4423.589743,4252.307692,4232.307692,4452.820512,4216.410256,4666.153846,3988.717949,4101.025641
40,4457.435897,4549.230769,4543.589743,4323.589743,4487.692307,4181.538461,4419.487179,4247.692307,4228.205128,4451.282051,4213.333333,4663.589743,3984.615385,4095.897435
41,4460.000000,4545.641025,4546.153846,4325.128205,4488.205128,4186.153846,4418.974358,4250.256410,4232.307692,4449.230769,4214.358974,4664.102564,3980.512821,4097.435897
42,4459.487179,4544.102564,4542.564102,4324.615384,4487.179487,4186.153846,4413.333333,4246.153846,4230.256410,4442.564102,4213.846153,4660.000000,3980.512821,4096.923076
43,4458.461538,4545.128205,4538.461538,4324.615384,4485.641025,4185.128205,4410.256410,4244.615384,4229.230769,4443.589743,4214.871794,4660.512820,3982.051283,4096.410256
44,4457.435897,4542.564102,4537.435897,4323.076923,4481.538461,4185.641025,4417.948717,4248.717948,4231.794871,4444.615384,4215.384615,4658.974358,3977.948718,4095.384615
45,4456.923076,4536.923076,4541.538461,4323.076923,4477.435897,4185.641025,4425.641025,4251.794871,4231.282051,4439.487179,4212.820512,4658.461538,3979.487180,4098.974358
46,4461.025641,4544.102564,4546.666666,4327.179487,4480.000000,4187.692307,4426.666666,4253.846153,4234.358974,4445.641025,4218.974358,4665.641025,3990.769231,4106.153846
47,4463.589743,4552.307692,4547.692307,4327.692307,4485.641025,4188.205128,4426.153846,4252.307692,4238.461538,4452.307692,4227.692307,4668.717948,3992.820513,4109.743589
48,4460.512820,4549.230769,4547.692307,4325.128205,4488.717948,4184.615384,4425.641025,4246.666666,4234.358974,4447.692307,4229.743589,4663.589743,3986.153847,4107.179487
49,4460.000000,4550.769230,4549.743589,4328.205128,4490.769230,4187.179487,4427.692307,4250.769230,4236.410256,4449.743589,4230.256410,4664.102564,3993.333334,4110.769230
50,4464.615384,4554.871794,4550.769230,4332.820512,4489.230769,4193.846153,4429.230769,4260.512820,4245.128205,4458.974358,4232.307692,4669.230769,4004.102564,4121.538461
51,4465.128205,4548.717948,4548.717948,4332.820512,4483.589743,4192.307692,4428.717948,4258.461538,4240.512820,4454.358974,4232.820512,4665.641025,3998.974359,4121.025641
52,4460.512820,4542.051282,4542.564102,4327.692307,4476.923076,4184.615384,4426.153846,4250.769230,4229.230769,4443.076923,4227.692307,4658.974358,3988.717949,4108.717948
53,4456.410256,4543.076923,4536.923076,4321.025641,4474.871794,4183.589743,4425.128205,4249.230769,4229.743589,4441.538461,4218.974358,4655.897435,3984.615385,4105.128205
54,4452.820512,4542.051282,4539.487179,4321.025641,4476.923076,4187.179487,4427.692307,4254.871794,4234.358974,4443.589743,4219.487179,4656.410256,3983.076924,4109.230769
55,4450.769230,4537.948717,4540.512820,4324.615384,4475.897435,4186.666666,4431.794871,4259.487179,4232.820512,4442.051282,4226.666666,4657.948717,3982.564103,4107.179487
56,4447.179487,4537.948717,4537.435897,4321.538461,4473.846153,4186.666666,4435.384615,4263.076923,4232.820512,4444.102564,4223.589743,4656.923076,3982.051283,4105.641025
57,4442.051282,4536.923076,4534.358974,4314.871794,4471.794871,4185.641025,4434.871794,4263.076923,4233.333333,4444.615384,4215.897435,4651.282051,3978.974359,4104.102564
58,4441.025641,4527.179487,4528.717948,4310.769230,4464.615384,4184.615384,4429.230769,4256.410256,4230.256410,4435.897435,4212.307692,4646.666666,3971.794872,4093.333333
59,4442.051282,4522.051282,4526.666666,4309.230769,4459.487179,4182.564102,4430.256410,4252.820512,4228.205128,4429.230769,4207.692307,4644.102564,3965.128206,4088.717948
60,4441.538461,4529.743589,4531.794871,4312.307692,4465.641025,4183.076923,4436.923076,4256.923076,4229.743589,4435.384615,4209.230769,4645.641025,3967.692308,4096.410256
61,4451.282051,4540.000000,4541.538461,4322.051282,4476.410256,4193.846153,4443.076923,4265.641025,4240.000000,4448.717948,4225.641025,4660.000000,3985.641026,4109.230769
62,4465.641025,4545.128205,4549.743589,4332.307692,4483.589743,4204.615384,4454.358974,4275.897435,4254.358974,4458.974358,4243.589743,4676.410256,4003.589743,4121.538461
63,4463.589743,4545.641025,4549.230769,4332.307692,4485.641025,4202.051282,4461.025641,4278.974358,4254.871794,4456.923076,4245.128205,4674.358974,4002.564102,4125.128205
64,4460.000000,4542.564102,4544.102564,4326.666666,4481.025641,4196.410256,4452.307692,4270.256410,4246.666666,4447.692307,4238.461538,4665.641025,3993.333334,4121.025641
65,4464.615384,4543.076923,4549.230769,4329.743589,4476.923076,4198.461538,4443.076923,4262.564102,4246.666666,4450.769230,4237.435897,4669.743589,3994.871795,4122.051282
66,4450.256410,4545.641025,4553.846153,4335.897435,4477.435897,4193.846153,4443.076923,4265.641025,4244.615384,4459.487179,4242.051282,4673.846153,4001.025641,4125.641025
67,4424.615384,4540.000000,4545.641025,4330.769230,4475.384615,4185.128205,4441.025641,4266.153846,4239.487179,4458.974358,4242.564102,4666.666666,3995.897436,4123.076923
68,4422.051282,4531.794871,4539.487179,4321.538461,4471.794871,4184.615384,4439.487179,4263.076923,4241.538461,4451.282051,4235.897435,4664.102564,3991.794872,4121.025641
69,4428.717948,4532.820512,4540.512820,4323.589743,4473.333333,4185.641025,4442.051282,4264.615384,4245.641025,4447.692307,4234.871794,4670.256410,3999.487180,4122.564102
70,4426.153846,4534.358974,4542.564102,4326.666666,4474.871794,4185.128205,4443.589743,4267.692307,4247.179487,4453.333333,4242.051282,4671.282051,4002.051282,4122.564102
71,4423.589743,4529.743589,4539.487179,4319.487179,4470.256410,4184.615384,4442.051282,4267.692307,4244.615384,4453.333333,4242.564102,4665.641025,3994.871795,4121.538461
72,4426.153846,4529.230769,4538.461538,4319.487179,4467.692307,4185.128205,4437.435897,4262.564102,4241.025641,4445.641025,4234.871794,4664.102564,3990.769231,4120.512820
73,4427.179487,4536.923076,4539.487179,4330.769230,4473.333333,4185.128205,4432.820512,4258.974358,4241.025641,4447.179487,4231.794871,4664.102564,3993.333334,4120.000000
74,4426.666666,4540.512820,4538.974358,4331.794871,4476.923076,4186.666666,4435.897435,4262.051282,4245.641025,4453.333333,4235.384615,4661.538461,3997.948718,4123.076923
75,4427.179487,4537.948717,4541.538461,4325.641025,4475.384615,4186.153846,4441.025641,4265.641025,4248.205128,4455.384615,4242.051282,4664.615384,4001.025641,4126.666666
76,4427.692307,4537.435897,4541.538461,4326.666666,4473.846153,4184.615384,4443.076923,4265.128205,4247.692307,4458.461538,4247.179487,4670.769230,4001.538461,4125.641025
77,4425.641025,4536.410256,4537.435897,4321.538461,4471.794871,4184.615384,4442.051282,4262.051282,4248.717948,4462.564102,4240.512820,4668.717948,3998.461539,4122.564102
78,4426.666666,4535.897435,4536.923076,4310.769230,4471.282051,4185.641025,4441.538461,4261.538461,4243.076923,4465.128205,4231.282051,4663.076923,3996.923077,4123.076923
79,4425.641025,4536.410256,4542.051282,4308.717948,4472.820512,4184.102564,4442.051282,4263.589743,4236.410256,4472.307692,4232.307692,4664.615384,3994.871795,4121.025641
80,4425.128205,4538.974358,4548.717948,4307.179487,4473.333333,4184.102564,4442.051282,4264.615384,4238.974358,4484.615384,4232.307692,4669.743589,3992.307693,4119.487179
81,4436.923076,4549.230769,4556.923076,4302.564102,4475.897435,4190.256410,4445.128205,4268.717948,4247.179487,4498.461538,4226.666666,4675.384615,4000.512820,4130.256410
82,4442.564102,4555.897435,4560.000000,4297.948717,4477.948717,4195.384615,4447.692307,4278.461538,4251.794871,4511.794871,4223.076923,4681.538461,4011.282051,4137.435897
83,4431.282051,4550.256410,4554.871794,4288.205128,4475.384615,4189.743589,4444.102564,4276.923076,4249.230769,4515.384615,4216.410256,4678.461538,4007.179487,4126.153846
84,4421.025641,4547.179487,4550.769230,4278.461538,4473.846153,4184.102564,4443.076923,4264.102564,4241.538461,4513.333333,4203.076923,4668.717948,3999.487180,4112.820512
85,4421.538461,4550.256410,4551.794871,4278.461538,4475.384615,4192.820512,4446.153846,4263.589743,4239.487179,4516.410256,4196.410256,4667.179487,4003.589743,4111.794871
86,4424.102564,4553.333333,4555.384615,4276.923076,4475.897435,4198.461538,4446.153846,4270.256410,4247.692307,4524.102564,4200.512820,4676.923076,4011.282051,4114.358974
87,4421.538461,4554.871794,4556.410256,4268.717948,4476.923076,4191.794871,4444.615384,4267.179487,4250.256410,4527.692307,4202.051282,4680.512820,4011.282051,4110.256410
88,4414.871794,4554.358974,4556.923076,4266.666666,4475.897435,4189.743589,4446.153846,4263.589743,4243.076923,4522.564102,4196.410256,4677.435897,4006.153846,4104.102564
89,4410.769230,4553.333333,4555.897435,4268.717948,4474.871794,4192.307692,4449.230769,4269.230769,4244.615384,4521.025641,4195.384615,4677.948717,4009.230769,4104.615384
90,4412.307692,4552.820512,4553.333333,4265.641025,4475.897435,4190.256410,4451.794871,4275.384615,4248.717948,4526.153846,4198.461538,4678.974358,4018.461538,4107.692307
91,4414.871794,4551.794871,4556.923076,4263.589743,4474.871794,4193.846153,4455.897435,4277.435897,4247.179487,4531.794871,4197.948717,4681.538461,4023.076923,4103.589743
92,4426.666666,4558.461538,4568.205128,4271.282051,4478.461538,4202.564102,4458.974358,4278.974358,4251.282051,4536.923076,4198.974358,4685.641025,4024.615384,4107.692307
93,4448.205128,4571.794871,4573.846153,4279.487179,4488.205128,4201.538461,4460.000000,4284.615384,4261.025641,4541.025641,4203.589743,4693.333333,4030.769230,4120.512820
94,4460.512820,4575.384615,4571.794871,4281.538461,4491.794871,4198.974358,4456.923076,4287.692307,4263.589743,4543.076923,4206.153846,4694.358974,4036.410256,4118.974358
95,4458.461538,4570.256410,4569.230769,4281.025641,4489.743589,4200.512820,4456.410256,4284.102564,4262.564102,4540.512820,4205.128205,4691.282051,4037.435897,4107.692307
96,4449.230769,4568.717948,4567.692307,4280.512820,4489.230769,4199.487179,4455.384615,4278.461538,4261.025641,4536.410256,4201.025641,4687.179487,4032.307692,4103.589743
97,4444.615384,4570.256410,4565.128205,4281.538461,4490.256410,4197.435897,4452.307692,4277.435897,4255.384615,4534.871794,4201.538461,4684.615384,4029.743589,4105.128205
98,4449.743589,4571.282051,4565.641025,4280.512820,4492.307692,4200.512820,4455.897435,4282.564102,4254.871794,4538.461538,4210.769230,4687.179487,4035.384615,4105.641025
99,4450.769230,4567.692307,4568.717948,4278.461538,4487.179487,4198.974358,4454.871794,4287.179487,4263.076923,4538.461538,4208.717948,4688.717948,4041.538461,4103.076923
100,4445.641025,4566.153846,4566.666666,4276.410256,4480.000000,4188.717948,4445.128205,4285.128205,4265.128205,4533.846153,4204.102564,4687.179487,4037.948717,4102.564102
101,4445.128205,4567.179487,4562.564102,4277.948717,4480.000000,4186.153846,4446.666666,4279.487179,4261.025641,4533.846153,4210.769230,4687.692307,4031.282051,4101.538461
102,4446.666666,4562.051282,4565.128205,4278.461538,4480.512820,4195.384615,4458.461538,4282.051282,4261.538461,4537.948717,4208.717948,4688.205128,4029.230769,4093.846153
103,4444.615384,4559.487179,4570.256410,4278.974358,4481.025641,4200.512820,4459.487179,4288.717948,4263.589743,4538.461538,4202.051282,4689.230769,4032.820512,4091.282051
104,4449.743589,4566.666666,4572.307692,4281.025641,4487.692307,4199.487179,4456.410256,4289.230769,4263.589743,4536.923076,4211.794871,4695.897435,4038.974358,4101.025641
105,4456.410256,4569.743589,4573.333333,4283.076923,4491.282051,4200.000000,4461.025641,4290.769230,4265.641025,4542.564102,4220.512820,4701.538461,4043.589743,4105.641025
106,4450.769230,4567.179487,4572.820512,4286.666666,4488.205128,4201.025641,4462.051282,4295.384615,4266.666666,4549.230769,4215.384615,4697.435897,4042.564102,4101.025641
107,4445.641025,4566.153846,4569.230769,4284.615384,4488.205128,4200.000000,4460.000000,4295.897435,4266.666666,4547.179487,4212.820512,4692.820512,4039.487179,4096.923076
108,4446.666666,4565.128205,4569.230769,4284.102564,4489.230769,4198.461538,4458.974358,4290.256410,4264.102564,4535.897435,4212.307692,4690.256410,4036.410256,4094.358974
109,4444.102564,4565.128205,4570.256410,4289.230769,4488.717948,4200.512820,4458.461538,4290.256410,4262.051282,4532.307692,4210.769230,4692.820512,4034.871794,4094.358974
110,4447.692307,4567.692307,4569.230769,4292.307692,4491.282051,4204.102564,4459.487179,4293.846153,4268.205128,4539.487179,4216.410256,4697.948717,4042.564102,4098.461538
111,4458.461538,4568.717948,4569.743589,4292.307692,4490.769230,4202.051282,4458.974358,4293.846153,4275.384615,4540.000000,4223.076923,4696.410256,4049.743589,4103.076923
112,4457.948717,4566.666666,4569.743589,4292.307692,4488.717948,4199.487179,4457.435897,4294.358974,4272.307692,4537.948717,4225.128205,4693.846153,4045.128205,4105.128205
113,4446.666666,4558.461538,4561.538461,4289.230769,4490.769230,4201.025641,4458.974358,4293.333333,4271.794871,4543.076923,4225.128205,4693.846153,4042.564102,4097.948717
114,4439.487179,4551.794871,4555.384615,4281.538461,4486.153846,4197.948717,4456.410256,4291.282051,4270.256410,4538.461538,4220.512820,4689.743589,4044.102564,4089.743589
115,4441.538461,4553.333333,4557.435897,4279.487179,4476.410256,4193.846153,4450.256410,4291.794871,4264.615384,4528.717948,4215.897435,4688.205128,4041.538461,4090.256410
116,4445.128205,4555.897435,4561.025641,4286.153846,4483.589743,4197.948717,4449.230769,4294.871794,4270.256410,4530.769230,4220.000000,4694.358974,4040.512820,4094.871794
117,4445.128205,4554.871794,4565.128205,4291.282051,4489.743589,4196.923076,4447.692307,4293.846153,4277.435897,4531.282051,4225.641025,4696.923076,4044.615384,4096.410256
118,4444.615384,4555.384615,4567.692307,4290.256410,4481.025641,4191.282051,4442.564102,4287.692307,4266.666666,4526.666666,4218.974358,4691.282051,4041.025641,4095.897435
119,4447.179487,4558.974358,4562.564102,4291.282051,4483.076923,4194.871794,4442.051282,4283.589743,4259.487179,4529.743589,4214.358974,4689.230769,4035.384615,4094.871794
120,4446.666666,4560.000000,4555.384615,4291.282051,4491.282051,4200.000000,4443.589743,4282.564102,4266.153846,4530.256410,4218.974358,4692.820512,4036.923076,4092.820512
121,4440.512820,4554.358974,4554.358974,4281.025641,4481.538461,4197.435897,4443.076923,4278.974358,4263.589743,4522.051282,4217.435897,4691.282051,4037.435897,4086.666666
122,4442.564102,4553.846153,4555.897435,4278.974358,4472.820512,4196.923076,4441.025641,4276.923076,4259.487179,4522.051282,4213.846153,4686.666666,4037.435897,4088.205128
123,4446.666666,4555.897435,4556.923076,4283.589743,4481.025641,4198.974358,4435.384615,4284.615384,4265.128205,4530.769230,4218.974358,4688.205128,4040.512820,4094.358974
124,4442.051282,4551.794871,4558.974358,4278.461538,4488.205128,4199.487179,4433.846153,4293.333333,4267.692307,4533.846153,4223.589743,4692.307692,4042.051282,4090.769230
125,4448.205128,4557.435897,4567.179487,4283.076923,4491.282051,4201.538461,4443.076923,4295.384615,4268.717948,4536.923076,4228.205128,4697.948717,4044.615384,4094.871794
126,4462.051282,4573.846153,4572.307692,4298.974358,4496.923076,4204.615384,4443.589743,4295.384615,4272.307692,4544.102564,4235.384615,4704.102564,4051.794871,4110.256410
127,4454.358974,4572.307692,4562.564102,4295.384615,4492.307692,4196.923076,4430.256410,4289.230769,4269.743589,4538.461538,4230.256410,4697.435897,4051.794871,4106.666666
128,4438.974358,4557.435897,4550.769230,4282.051282,4482.051282,4188.205128,4422.051282,4278.461538,4255.897435,4517.948717,4215.384615,4685.128205,4041.538461,4088.717948
129,4442.564102,4553.333333,4554.871794,4285.641025,4484.615384,4190.256410,4426.153846,4273.846153,4245.641025,4507.692307,4211.282051,4685.128205,4032.307692,4087.692307
130,4446.153846,4555.897435,4562.051282,4291.794871,4490.769230,4189.743589,4428.717948,4272.307692,4247.692307,4512.820512,4216.410256,4688.205128,4029.743589,4092.820512
131,4443.076923,4560.000000,4565.641025,4289.230769,4486.153846,4188.205128,4427.692307,4271.794871,4254.358974,4516.923076,4215.897435,4688.205128,4032.820512,4095.384615
132,4451.794871,4568.205128,4569.230769,4292.820512,4485.641025,4194.358974,4427.692307,4278.974358,4261.025641,4522.051282,4214.871794,4692.820512,4037.948717,4102.564102
133,4460.512820,4570.256410,4571.282051,4299.487179,4491.794871,4197.948717,4430.256410,4284.615384,4264.615384,4525.641025,4218.974358,4696.923076,4040.512820,4106.666666
134,4459.487179,4567.692307,4571.282051,4297.435897,4490.769230,4196.923076,4434.871794,4281.025641,4264.102564,4522.051282,4219.487179,4694.358974,4039.487179,4103.076923
135,4457.948717,4566.666666,4570.769230,4293.846153,4489.230769,4200.512820,4441.025641,4280.000000,4264.102564,4519.487179,4215.384615,4693.846153,4038.974358,4102.564102
136,4460.512820,4569.230769,4567.692307,4295.384615,4492.307692,4203.589743,4446.153846,4281.025641,4265.641025,4522.564102,4223.076923,4694.871794,4038.974358,4107.179487
137,4459.487179,4566.666666,4564.615384,4296.410256,4492.820512,4199.487179,4440.000000,4278.461538,4264.102564,4522.051282,4231.282051,4692.307692,4039.487179,4105.641025
138,4455.384615,4560.000000,4562.051282,4294.871794,4491.794871,4197.948717,4431.282051,4277.948717,4262.564102,4513.846153,4223.589743,4688.717948,4041.025641,4101.025641
139,4451.794871,4558.461538,4559.487179,4295.897435,4491.794871,4200.000000,4433.333333,4278.461538,4263.589743,4512.820512,4221.538461,4689.743589,4042.564102,4104.102564
140,4446.666666,4561.025641,4556.923076,4296.410256,4492.307692,4200.000000,4436.410256,4277.435897,4261.025641,4518.461538,4231.282051,4693.846153,4042.564102,4107.692307
141,4442.564102,4555.384615,4553.333333,4288.205128,4489.230769,4190.256410,4429.743589,4274.358974,4256.410256,4513.846153,4224.615384,4688.717948,4036.410256,4098.461538
142,4442.564102,4547.179487,4548.717948,4283.076923,4484.615384,4183.076923,4425.128205,4273.846153,4256.410256,4505.641025,4210.769230,4680.512820,4030.769230,4091.282051
143,4441.538461,4548.205128,4552.307692,4287.692307,4485.641025,4191.794871,4427.179487,4277.435897,4261.025641,4505.128205,4218.461538,4683.076923,4033.846153,4097.948717
144,4443.076923,4553.846153,4563.076923,4293.333333,4489.743589,4200.000000,4432.820512,4280.512820,4263.076923,4508.205128,4229.743589,4694.871794,4038.974358,4104.615384
145,4454.358974,4560.512820,4568.717948,4297.435897,4492.307692,4201.025641,4441.025641,4283.076923,4264.102564,4516.923076,4235.384615,4702.564102,4045.641025,4112.307692
146,4462.564102,4567.179487,4567.692307,4301.538461,4496.410256,4206.153846,4445.128205,4291.282051,4272.307692,4525.128205,4246.153846,4704.102564,4054.358974,4123.076923
147,4461.025641,4568.205128,4570.769230,4305.641025,4504.102564,4214.871794,4444.615384,4300.000000,4283.076923,4524.102564,4250.769230,4706.153846,4058.974358,4126.666666
148,4460.000000,4568.205128,4576.410256,4310.256410,4507.179487,4215.897435,4447.179487,4300.000000,4283.589743,4524.102564,4250.256410,4711.282051,4061.025641,4127.692307
149,4462.564102,4569.230769,4574.871794,4313.333333,4507.179487,4215.384615,4447.179487,4300.512820,4282.564102,4529.230769,4254.871794,4713.333333,4063.589743,4130.769230
150,4460.512820,4563.076923,4572.307692,4304.615384,4503.076923,4212.820512,4443.589743,4301.025641,4280.512820,4521.025641,4254.871794,4708.205128,4056.410256,4127.179487
151,4450.769230,4551.794871,4566.153846,4294.871794,4493.333333,4202.564102,4443.589743,4295.384615,4271.794871,4507.179487,4246.666666,4701.025641,4041.025641,4118.974358
152,4446.153846,4550.256410,4558.461538,4292.820512,4488.205128,4197.948717,4444.102564,4292.307692,4269.743589,4510.769230,4243.589743,4697.948717,4041.538461,4118.461538
153,4452.307692,4553.846153,4558.974358,4295.384615,4490.769230,4203.076923,4443.589743,4295.897435,4274.871794,4518.461538,4247.179487,4701.025641,4051.282051,4122.564102
154,4457.435897,4555.384615,4560.512820,4301.025641,4496.410256,4204.615384,4444.102564,4297.948717,4277.948717,4510.769230,4248.205128,4702.051282,4051.794871,4122.564102
155,4457.435897,4560.000000,4562.564102,4308.717948,4500.000000,4201.025641,4444.102564,4294.358974,4274.871794,4504.102564,4246.153846,4697.435897,4045.641025,4120.000000
156,4457.435897,4562.051282,4563.076923,4311.282051,4503.076923,4205.128205,4444.102564,4292.307692,4270.256410,4508.717948,4244.102564,4694.358974,4045.641025,4119.487179
157,4453.846153,4556.410256,4562.051282,4307.179487,4502.564102,4211.794871,4444.102564,4291.282051,4270.769230,4507.692307,4244.615384,4695.897435,4048.205128,4120.512820
158,4450.769230,4555.384615,4560.512820,4303.589743,4497.435897,4208.205128,4444.102564,4289.743589,4272.307692,4504.615384,4246.153846,4700.512820,4046.153846,4121.025641
159,4456.410256,4558.974358,4559.487179,4302.051282,4492.307692,4201.025641,4444.615384,4282.564102,4266.666666,4505.641025,4246.153846,4700.000000,4041.538461,4121.025641
160,4456.923076,4554.871794,4560.512820,4302.564102,4488.205128,4200.512820,4443.589743,4277.435897,4258.974358,4502.564102,4241.538461,4693.846153,4039.487179,4118.461538
161,4455.384615,4556.923076,4564.615384,4307.692307,4492.820512,4202.564102,4443.589743,4283.589743,4266.153846,4503.589743,4242.051282,4695.897435,4043.589743,4120.512820
162,4461.538461,4566.153846,4564.615384,4312.820512,4501.538461,4201.025641,4445.128205,4293.333333,4274.871794,4507.179487,4247.692307,4701.538461,4045.641025,4125.641025
163,4455.384615,4558.974358,4555.384615,4306.153846,4496.923076,4198.974358,4442.564102,4286.666666,4267.692307,4498.974358,4240.512820,4693.333333,4036.410256,4117.435897
164,4443.589743,4546.153846,4553.333333,4296.923076,4488.205128,4200.000000,4437.948717,4278.461538,4257.948717,4488.205128,4228.717948,4681.538461,4027.692307,4109.230769
165,4450.256410,4550.256410,4559.487179,4296.923076,4491.794871,4201.025641,4441.025641,4284.102564,4262.564102,4489.743589,4235.384615,4687.692307,4033.846153,4116.410256
166,4461.538461,4556.410256,4564.102564,4301.025641,4498.974358,4204.102564,4446.153846,4292.820512,4274.358974,4498.974358,4250.256410,4700.512820,4044.615384,4124.102564
167,4459.487179,4554.871794,4569.230769,4304.615384,4504.102564,4210.256410,4445.641025,4292.820512,4277.948717,4505.128205,4251.794871,4705.128205,4047.179487,4127.692307
168,4458.461538,4557.948717,4569.743589,4307.692307,4504.102564,4211.282051,4445.128205,4291.794871,4276.923076,4507.692307,4252.307692,4708.205128,4049.743589,4135.897435
169,4463.076923,4560.000000,4566.666666,4310.256410,4501.025641,4203.589743,4446.153846,4292.307692,4276.410256,4507.692307,4262.051282,4710.256410,4054.871794,4138.974358
170,4463.589743,4556.410256,4568.205128,4309.230769,4498.974358,4200.000000,4445.641025,4291.794871,4275.897435,4506.153846,4263.076923,4707.692307,4052.307692,4134.358974
171,4461.025641,4555.897435,4567.692307,4306.153846,4497.948717,4203.076923,4444.615384,4292.307692,4278.461538,4504.102564,4253.333333,4703.076923,4046.666666,4136.410256
172,4460.000000,4555.897435,4559.487179,4303.589743,4497.435897,4204.615384,4445.641025,4290.769230,4278.974358,4506.153846,4248.205128,4697.948717,4047.179487,4134.358974
173,4457.948717,4553.846153,4551.794871,4302.051282,4501.025641,4203.589743,4445.641025,4284.615384,4272.307692,4502.564102,4249.230769,4692.820512,4044.615384,4123.076923
174,4455.384615,4553.333333,4551.794871,4303.076923,4502.051282,4204.102564,4443.589743,4278.974358,4265.128205,4493.333333,4247.692307,4692.820512,4040.512820,4123.076923
175,4459.487179,4560.512820,4556.923076,4307.179487,4500.512820,4205.128205,4443.589743,4281.025641,4268.717948,4497.435897,4251.794871,4697.435897,4047.692307,4133.846153
176,4469.230769,4569.230769,4562.051282,4312.307692,4507.179487,4206.153846,4445.128205,4290.769230,4279.487179,4508.717948,4264.102564,4699.487179,4056.410256,4141.025641
177,4467.179487,4568.717948,4560.000000,4312.820512,4509.743589,4203.076923,4444.102564,4294.358974,4282.051282,4509.230769,4265.128205,4695.384615,4054.871794,4138.461538
178,4457.435897,4561.025641,4554.358974,4308.205128,4501.025641,4200.512820,4441.538461,4287.179487,4278.974358,4500.000000,4256.410256,4691.282051,4050.769230,4131.794871
179,4453.846153,4556.410256,4550.769230,4303.076923,4498.461538,4200.512820,4441.538461,4281.025641,4274.871794,4491.794871,4248.205128,4686.153846,4046.666666,4126.666666
180,4449.230769,4554.358974,4543.076923,4301.538461,4503.589743,4200.512820,4442.051282,4278.974358,4268.205128,4487.692307,4236.923076,4673.846153,4036.923076,4118.461538
181,4441.025641,4552.820512,4536.923076,4303.076923,4504.102564,4201.025641,4441.538461,4270.256410,4258.974358,4486.153846,4231.282051,4663.076923,4024.102564,4109.230769
182,4441.538461,4553.846153,4546.666666,4301.538461,4499.487179,4202.051282,4441.538461,4266.153846,4256.923076,4483.589743,4233.333333,4672.307692,4023.589743,4111.282051
183,4451.794871,4555.384615,4557.435897,4300.512820,4502.564102,4203.076923,4442.051282,4272.307692,4262.051282,4486.666666,4233.846153,4686.666666,4029.743589,4121.025641
184,4457.948717,4556.410256,4555.897435,4298.974358,4506.666666,4202.564102,4441.538461,4273.333333,4263.589743,4500.000000,4233.333333,4688.205128,4030.256410,4123.076923
185,4454.871794,4555.897435,4553.333333,4291.282051,4504.615384,4202.051282,4441.538461,4271.794871,4262.051282,4513.846153,4230.256410,4686.153846,4024.102564,4119.487179
186,4447.692307,4555.384615,4555.384615,4279.487179,4502.051282,4203.076923,4444.102564,4276.410256,4260.512820,4521.025641,4220.512820,4684.102564,4021.538461,4116.410256
187,4446.153846,4555.384615,4551.794871,4269.230769,4496.923076,4203.589743,4444.615384,4273.333333,4257.435897,4523.589743,4208.205128,4678.974358,4020.512820,4110.256410
188,4446.153846,4552.820512,4547.179487,4261.025641,4489.230769,4200.000000,4441.538461,4261.025641,4246.666666,4520.512820,4197.948717,4676.923076,4015.897435,4105.641025
189,4444.615384,4555.897435,4550.769230,4258.974358,4489.743589,4197.948717,4441.025641,4259.487179,4242.051282,4521.538461,4193.846153,4680.512820,4018.974358,4106.666666
190,4446.666666,4567.179487,4557.435897,4260.000000,4500.512820,4201.025641,4444.102564,4269.743589,4249.230769,4535.897435,4199.487179,4684.102564,4030.769230,4108.717948
191,4446.666666,4570.769230,4556.410256,4253.846153,4505.128205,4203.076923,4446.153846,4276.923076,4254.358974,4545.128205,4198.974358,4685.641025,4034.358974,4106.666666
192,4440.512820,4567.692307,4554.358974,4245.128205,4495.897435,4202.051282,4446.153846,4277.435897,4251.794871,4543.589743,4190.256410,4683.076923,4032.820512,4102.051282
193,4431.282051,4566.666666,4552.307692,4244.102564,4489.230769,4200.000000,4445.641025,4274.358974,4247.692307,4543.589743,4183.589743,4677.435897,4032.820512,4093.333333
194,4421.538461,4561.538461,4544.102564,4240.512820,4492.820512,4198.461538,4443.589743,4271.282051,4247.692307,4544.615384,4174.871794,4670.769230,4027.179487,4081.538461
195,4413.333333,4555.384615,4535.384615,4231.282051,4492.307692,4198.461538,4442.564102,4267.692307,4247.692307,4539.487179,4170.769230,4664.615384,4018.974358,4073.333333
196,4410.769230,4555.897435,4540.000000,4229.743589,4488.205128,4196.410256,4441.025641,4267.692307,4247.179487,4538.461538,4176.923076,4666.153846,4023.076923,4072.307692
197,4415.897435,4560.000000,4549.743589,4232.307692,4491.282051,4195.897435,4441.538461,4272.820512,4250.769230,4545.641025,4182.564102,4674.871794,4031.794871,4076.923076
198,4424.102564,4567.179487,4554.358974,4235.897435,4499.487179,4200.000000,4449.743589,4277.435897,4257.948717,4551.282051,4184.102564,4685.128205,4037.435897,4082.564102
199,4426.666666,4571.794871,4561.025641,4244.615384,4504.102564,4201.025641,4458.461538,4280.000000,4265.641025,4555.384615,4185.641025,4689.743589,4044.102564,4083.589743
200,4425.641025,4571.282051,4568.717948,4249.230769,4505.641025,4203.076923,4460.000000,4284.102564,4268.717948,4554.871794,4191.794871,4690.256410,4045.128205,4084.102564
201,4425.128205,4572.820512,4570.256410,4247.692307,4508.205128,4209.743589,4460.512820,4291.282051,4270.256410,4555.384615,4196.923076,4690.769230,4043.076923,4087.692307
202,4420.512820,4574.871794,4565.641025,4249.230769,4507.179487,4206.666666,4461.025641,4290.256410,4266.666666,4554.871794,4191.282051,4687.179487,4044.102564,4085.641025
203,4416.410256,4572.820512,4562.564102,4247.179487,4503.076923,4200.512820,4457.435897,4278.974358,4263.076923,4549.743589,4187.179487,4682.564102,4046.153846,4075.384615
204,4422.051282,4578.461538,4565.641025,4246.666666,4505.641025,4208.717948,4458.461538,4277.435897,4267.692307,4549.230769,4197.435897,4688.205128,4048.205128,4076.923076
205,4428.205128,4589.743589,4571.794871,4256.923076,4510.769230,4214.871794,4462.051282,4289.743589,4277.948717,4554.358974,4204.615384,4696.923076,4054.358974,4087.692307
206,4425.641025,4584.102564,4571.282051,4255.897435,4508.717948,4204.615384,4459.487179,4290.256410,4279.487179,4557.435897,4202.051282,4694.871794,4058.461538,4083.589743
207,4420.512820,4569.743589,4568.205128,4248.205128,4506.666666,4197.435897,4456.923076,4279.487179,4269.743589,4553.333333,4202.051282,4692.820512,4055.384615,4077.435897
208,4420.512820,4571.794871,4571.282051,4253.846153,4507.692307,4209.230769,4458.974358,4282.051282,4268.205128,4553.333333,4203.076923,4697.948717,4055.897435,4083.589743
209,4420.000000,4578.461538,4571.794871,4255.384615,4506.666666,4214.871794,4461.538461,4289.743589,4273.333333,4554.871794,4202.564102,4696.410256,4057.435897,4083.589743
210,4414.358974,4572.820512,4565.641025,4251.282051,4506.153846,4205.128205,4458.461538,4283.076923,4267.692307,4545.128205,4200.512820,4687.692307,4050.769230,4072.820512
211,4412.307692,4569.230769,4564.102564,4258.461538,4503.076923,4197.948717,4450.256410,4275.897435,4260.512820,4536.923076,4198.461538,4685.128205,4047.179487,4070.256410
212,4414.358974,4570.769230,4566.666666,4258.461538,4496.410256,4201.025641,4444.102564,4281.025641,4263.589743,4542.051282,4200.000000,4689.230769,4047.692307,4074.871794
213,4411.282051,4565.128205,4568.205128,4247.179487,4490.256410,4200.000000,4444.102564,4283.076923,4263.589743,4544.102564,4198.974358,4689.743589,4042.564102,4073.846153
214,4408.205128,4563.076923,4568.205128,4253.846153,4490.256410,4196.923076,4450.256410,4277.948717,4256.410256,4534.871794,4194.358974,4688.205128,4037.435897,4070.769230
215,4412.820512,4576.410256,4569.230769,4267.692307,4498.461538,4202.051282,4455.897435,4280.000000,4260.512820,4537.948717,4197.948717,4691.794871,4046.153846,4075.384615
216,4413.846153,4583.589743,4568.205128,4266.153846,4506.666666,4204.102564,4456.923076,4281.025641,4262.564102,4540.512820,4202.564102,4689.230769,4050.769230,4077.948717
217,4410.256410,4573.333333,4564.102564,4262.051282,4506.153846,4201.538461,4454.358974,4272.820512,4252.307692,4527.692307,4198.461538,4677.435897,4043.589743,4069.743589
218,4410.256410,4567.179487,4563.589743,4266.153846,4503.589743,4201.025641,4456.410256,4272.307692,4251.794871,4527.179487,4197.435897,4677.435897,4038.974358,4067.692307
219,4412.820512,4570.256410,4567.692307,4272.307692,4501.025641,4203.076923,4458.461538,4277.948717,4261.025641,4532.820512,4201.025641,4688.205128,4043.589743,4074.358974
220,4417.948717,4574.358974,4570.769230,4275.384615,4497.435897,4203.589743,4456.923076,4280.512820,4262.564102,4527.179487,4204.615384,4692.307692,4046.153846,4076.923076
221,4423.589743,4576.923076,4571.282051,4277.948717,4500.512820,4207.692307,4458.461538,4284.102564,4261.538461,4525.128205,4210.256410,4694.358974,4043.589743,4076.923076
222,4425.128205,4576.410256,4572.820512,4280.000000,4508.205128,4214.871794,4460.512820,4289.230769,4266.153846,4533.333333,4214.871794,4702.051282,4044.615384,4078.974358
223,4424.615384,4572.820512,4572.820512,4278.974358,4509.743589,4218.461538,4461.025641,4290.256410,4267.179487,4538.461538,4216.923076,4702.564102,4051.794871,4080.512820
224,4419.487179,4571.282051,4568.717948,4276.923076,4502.564102,4210.256410,4460.512820,4288.205128,4263.076923,4533.333333,4211.794871,4693.333333,4050.769230,4077.435897
225,4411.282051,4569.230769,4565.641025,4273.846153,4495.384615,4201.538461,4458.461538,4285.128205,4261.025641,4524.102564,4203.589743,4688.717948,4043.076923,4073.333333
226,4415.897435,4569.743589,4567.692307,4274.871794,4498.974358,4208.205128,4458.974358,4286.666666,4266.153846,4525.641025,4212.820512,4695.384615,4048.205128,4079.487179
227,4429.743589,4573.846153,4576.410256,4280.000000,4502.564102,4213.333333,4460.512820,4295.384615,4277.948717,4540.000000,4233.846153,4708.205128,4061.538461,4092.307692
228,4430.769230,4575.897435,4583.076923,4280.512820,4497.948717,4207.179487,4459.487179,4302.051282,4281.025641,4549.230769,4236.410256,4716.410256,4066.153846,4095.897435
229,4428.205128,4578.461538,4585.641025,4278.461538,4500.000000,4209.230769,4464.615384,4308.205128,4280.000000,4549.230769,4231.794871,4719.487179,4069.230769,4094.358974
230,4431.794871,4578.974358,4582.564102,4281.538461,4505.641025,4217.435897,4473.333333,4309.743589,4281.538461,4545.641025,4237.435897,4717.948717,4073.333333,4096.410256
231,4433.333333,4575.384615,4576.410256,4282.564102,4503.589743,4215.897435,4476.923076,4302.564102,4280.512820,4545.128205,4237.435897,4709.743589,4067.692307,4093.333333
232,4428.205128,4574.358974,4575.384615,4278.461538,4500.000000,4213.333333,4472.307692,4298.461538,4278.461538,4545.128205,4229.743589,4704.615384,4065.128205,4090.769230
233,4427.179487,4578.974358,4575.897435,4281.538461,4502.564102,4215.897435,4463.076923,4299.487179,4279.487179,4540.000000,4228.205128,4705.641025,4069.230769,4091.794871
234,4430.256410,4581.025641,4577.435897,4285.641025,4500.000000,4213.333333,4462.051282,4295.897435,4277.948717,4541.538461,4232.820512,4706.666666,4067.179487,4091.282051
235,4428.205128,4581.538461,4582.564102,4284.615384,4496.410256,4212.307692,4470.256410,4297.435897,4277.435897,4546.666666,4234.871794,4712.820512,4066.153846,4093.333333
236,4430.256410,4581.538461,4585.641025,4289.743589,4503.076923,4215.384615,4474.358974,4305.641025,4281.025641,4544.102564,4235.384615,4720.512820,4073.333333,4097.948717
237,4431.794871,4577.435897,4585.128205,4290.769230,4504.615384,4213.333333,4472.307692,4303.589743,4277.948717,4533.846153,4233.846153,4713.846153,4074.358974,4094.871794
238,4414.871794,4572.307692,4580.000000,4283.589743,4495.384615,4208.717948,4472.307692,4296.410256,4269.743589,4528.717948,4227.179487,4702.564102,4065.641025,4089.743589
239,4401.025641,4568.717948,4575.384615,4285.641025,4496.410256,4211.282051,4471.794871,4295.897435,4266.153846,4528.717948,4225.128205,4702.564102,4058.974358,4088.717948
240,4416.923076,4574.871794,4576.923076,4295.384615,4508.717948,4218.461538,4471.794871,4296.410256,4267.179487,4530.256410,4231.794871,4707.179487,4063.589743,4091.282051
241,4434.871794,4584.102564,4580.512820,4295.897435,4507.692307,4218.974358,4473.846153,4297.435897,4271.794871,4533.846153,4236.410256,4708.717948,4073.333333,4094.358974
242,4430.256410,4586.153846,4579.487179,4293.846153,4500.512820,4214.871794,4473.333333,4302.564102,4272.820512,4532.820512,4233.846153,4707.692307,4073.333333,4092.307692
243,4426.666666,4585.641025,4580.512820,4297.435897,4506.666666,4218.461538,4475.384615,4309.743589,4272.820512,4533.846153,4233.333333,4709.743589,4070.769230,4091.282051
244,4431.794871,4583.589743,4578.974358,4295.897435,4506.666666,4218.461538,4471.794871,4308.205128,4273.846153,4534.358974,4234.358974,4710.769230,4073.333333,4093.333333
245,4427.179487,4574.358974,4570.256410,4287.692307,4491.794871,4205.128205,4459.487179,4298.461538,4268.205128,4521.025641,4233.333333,4706.153846,4068.205128,4089.230769
246,4420.512820,4566.153846,4565.128205,4284.102564,4486.666666,4196.923076,4454.871794,4289.743589,4260.512820,4506.666666,4229.230769,4699.487179,4060.512820,4083.076923
247,4424.615384,4570.769230,4572.307692,4291.282051,4496.410256,4207.179487,4459.487179,4292.307692,4262.051282,4513.846153,4229.743589,4701.538461,4065.641025,4087.179487
248,4429.743589,4574.358974,4580.512820,4297.948717,4500.000000,4217.435897,4462.564102,4297.948717,4266.666666,4527.692307,4238.974358,4708.205128,4071.794871,4093.333333
249,4428.205128,4572.307692,4578.974358,4296.410256,4494.358974,4214.358974,4460.512820,4294.871794,4263.589743,4517.435897,4239.487179,4708.205128,4066.666666,4090.256410
250,4426.666666,4568.205128,4569.230769,4291.794871,4492.820512,4211.282051,4460.000000,4293.333333,4262.051282,4505.128205,4229.230769,4702.564102,4061.025641,4087.179487
251,4426.666666,4567.692307,4569.230769,4291.282051,4496.410256,4214.871794,4466.153846,4296.923076,4263.589743,4512.307692,4226.666666,4700.000000,4060.512820,4086.666666
252,4427.179487,4572.820512,4579.487179,4297.948717,4501.025641,4215.384615,4473.846153,4296.410256,4264.615384,4517.435897,4232.307692,4708.205128,4067.179487,4087.179487
253,4435.384615,4577.948717,4583.076923,4303.076923,4504.615384,4214.358974,4472.820512,4295.384615,4264.615384,4515.384615,4234.871794,4716.410256,4076.923076,4096.410256
254,4444.102564,4580.512820,4581.538461,4303.589743,4505.128205,4215.897435,4470.769230,4301.538461,4268.205128,4518.461538,4236.923076,4712.820512,4078.461538,4102.564102
255,4444.102564,4584.102564,4584.102564,4309.743589,4508.205128,4219.487179,4475.897435,4309.743589,4274.358974,4521.025641,4235.897435,4712.820512,4076.410256,4098.974358
256,4438.461538,4587.179487,4585.128205,4314.871794,4509.743589,4220.000000,4478.974358,4311.282051,4272.820512,4519.487179,4234.871794,4715.384615,4075.897435,4097.435897
257,4436.923076,4583.589743,4580.512820,4309.743589,4504.615384,4216.410256,4475.384615,4303.589743,4263.076923,4513.846153,4237.435897,4712.820512,4076.410256,4097.435897
258,4437.948717,4574.871794,4581.025641,4308.717948,4502.051282,4217.435897,4474.871794,4296.410256,4261.025641,4507.692307,4237.435897,4713.333333,4074.358974,4094.871794
259,4437.948717,4574.871794,4587.179487,4312.820512,4506.666666,4218.461538,4476.923076,4302.051282,4272.307692,4512.307692,4239.487179,4722.051282,4074.871794,4098.974358
