,AF3,F7,F3,FC5,T7,P7,O1,O2,P8,T8,FC6,F4,F8,AF4
0,4383.589743,4522.564102,4522.051282,4268.717948,4493.333333,4186.666666,4432.820512,4209.743589,4235.897435,4491.282051,4207.179487,4646.666666,3974.871795,4058.974358
1,4384.615384,4530.256410,4522.051282,4267.179487,4495.384615,4186.153846,4433.846153,4205.128205,4232.307692,4489.230769,4203.589743,4644.102564,3979.487180,4057.948717
2,4383.589743,4526.666666,4520.512820,4262.051282,4492.820512,4182.051282,4436.410256,4202.051282,4227.179487,4482.564102,4194.871794,4640.512820,3974.358975,4060.000000
3,4383.076923,4525.641025,4520.512820,4267.179487,4493.846153,4188.717948,4438.461538,4204.615384,4235.897435,4484.102564,4200.512820,4641.538461,3973.846154,4065.128205
4,4385.641025,4529.230769,4523.589743,4270.256410,4498.461538,4195.384615,4441.538461,4211.794871,4243.589743,4492.307692,4201.538461,4644.615384,3981.538462,4063.589743
5,4385.641025,4528.205128,4521.025641,4265.641025,4496.923076,4191.794871,4444.615384,4214.871794,4241.538461,4494.871794,4198.461538,4645.641025,3981.025642,4060.000000
6,4384.615384,4527.179487,4522.051282,4265.128205,4492.307692,4188.205128,4445.128205,4212.820512,4241.538461,4488.205128,4205.641025,4649.230769,3976.410257,4063.589743
7,4386.666666,4528.717948,4528.205128,4267.692307,4490.769230,4187.179487,4443.076923,4215.384615,4239.487179,4486.666666,4204.615384,4651.794871,3982.051283,4068.717948
8,4388.717948,4529.743589,4528.205128,4268.717948,4495.897435,4191.794871,4445.641025,4221.538461,4242.051282,4496.410256,4202.564102,4650.769230,3989.230770,4071.794871
9,4389.743589,4534.871794,4528.205128,4269.230769,4500.512820,4196.923076,4450.256410,4220.000000,4249.743589,4507.179487,4220.000000,4652.820512,3988.205129,4072.307692
10,4387.692307,4538.974358,4530.769230,4266.666666,4497.948717,4193.333333,4449.743589,4208.717948,4244.615384,4501.538461,4230.256410,4654.871794,3986.153847,4069.230769
11,4382.564102,4534.358974,4524.615384,4260.512820,4499.487179,4189.230769,4442.564102,4202.051282,4235.384615,4487.179487,4214.358974,4647.179487,3988.717949,4067.179487
12,4383.589743,4532.307692,4524.102564,4262.564102,4501.538461,4189.743589,4440.000000,4208.205128,4236.923076,4487.179487,4197.948717,4642.564102,3990.256411,4070.256410
13,4390.256410,4539.487179,4531.282051,4269.743589,4500.512820,4192.820512,4444.615384,4213.846153,4242.051282,4498.974358,4202.051282,4649.743589,3989.743590,4072.820512
14,4390.769230,4538.461538,4530.256410,4268.205128,4499.487179,4193.333333,4445.641025,4213.846153,4242.564102,4503.589743,4214.871794,4654.871794,3988.717949,4071.282051
15,4389.230769,4530.769230,4527.179487,4264.102564,4497.435897,4189.743589,4444.615384,4213.846153,4243.076923,4499.487179,4220.000000,4652.820512,3989.230770,4069.230769
16,4390.256410,4531.794871,4529.743589,4264.102564,4492.820512,4185.128205,4444.615384,4213.846153,4239.487179,4496.410256,4216.410256,4651.794871,3990.769231,4064.102564
17,4386.153846,4535.897435,4523.589743,4262.564102,4490.769230,4184.102564,4443.076923,4207.179487,4232.307692,4491.794871,4211.282051,4647.179487,3981.538462,4057.948717
18,4382.564102,4534.358974,4517.948717,4261.538461,4495.384615,4187.692307,4443.589743,4205.128205,4237.435897,4494.871794,4211.794871,4642.051282,3978.461539,4058.974358
19,4388.717948,4540.000000,4524.615384,4265.128205,4503.076923,4193.333333,4448.717948,4209.230769,4244.615384,4501.025641,4209.743589,4645.641025,3994.358975,4066.153846
20,4385.641025,4545.128205,4524.102564,4262.051282,4501.538461,4192.820512,4447.179487,4205.128205,4235.384615,4490.256410,4198.974358,4644.615384,3992.307693,4060.000000
21,4374.871794,4537.435897,4513.333333,4255.897435,4494.358974,4186.666666,4437.948717,4198.461538,4225.128205,4477.948717,4192.307692,4637.435897,3970.256411,4043.589743
22,4382.564102,4533.846153,4517.948717,4260.000000,4494.358974,4186.666666,4438.974358,4206.666666,4240.000000,4484.615384,4202.051282,4642.564102,3976.410257,4049.230769
23,4394.871794,4542.051282,4530.769230,4268.205128,4500.000000,4193.333333,4445.641025,4218.461538,4254.358974,4497.435897,4209.230769,4653.846153,4000.512820,4067.179487
24,4389.743589,4543.076923,4529.743589,4274.358974,4501.025641,4194.871794,4444.615384,4215.897435,4246.153846,4500.000000,4202.051282,4654.358974,3997.435898,4066.153846
25,4385.128205,4540.000000,4525.128205,4276.410256,4501.538461,4190.769230,4442.051282,4212.820512,4243.589743,4498.974358,4201.025641,4651.282051,3985.128206,4060.000000
26,4391.282051,4538.461538,4527.179487,4275.384615,4503.076923,4191.282051,4443.589743,4217.948717,4250.769230,4505.641025,4204.102564,4652.820512,3988.717949,4061.538461
27,4390.769230,4535.897435,4526.153846,4277.948717,4498.974358,4192.307692,4441.025641,4216.923076,4248.205128,4504.615384,4202.564102,4652.820512,3987.179488,4060.512820
28,4387.179487,4538.974358,4525.641025,4281.025641,4496.923076,4191.282051,4436.923076,4209.230769,4238.461538,4490.256410,4201.025641,4650.769230,3980.000000,4060.000000
29,4388.717948,4544.102564,4526.666666,4279.487179,4500.000000,4190.256410,4437.948717,4202.051282,4228.717948,4476.410256,4198.461538,4651.282051,3976.923077,4061.538461
30,4388.717948,4542.564102,4522.564102,4276.410256,4505.128205,4190.769230,4441.538461,4200.000000,4229.743589,4475.897435,4200.512820,4651.282051,3973.846154,4056.410256
31,4388.205128,4544.615384,4520.000000,4276.410256,4507.692307,4193.333333,4444.102564,4206.666666,4240.512820,4482.051282,4201.025641,4649.230769,3973.846154,4054.871794
32,4392.307692,4548.205128,4524.615384,4276.410256,4505.128205,4196.410256,4444.102564,4210.769230,4243.076923,4486.666666,4196.923076,4646.666666,3981.025642,4057.948717
33,4394.871794,4545.128205,4528.205128,4278.461538,4504.615384,4201.025641,4443.589743,4210.769230,4239.487179,4496.410256,4202.564102,4648.205128,3994.358975,4061.538461
34,4397.948717,4550.769230,4530.256410,4283.076923,4510.256410,4205.641025,4447.179487,4215.384615,4247.692307,4507.179487,4218.974358,4653.333333,4000.512820,4069.743589
35,4398.974358,4556.923076,4533.333333,4283.076923,4515.897435,4209.230769,4449.230769,4214.871794,4250.769230,4504.615384,4218.974358,4653.846153,3991.794872,4074.358974
36,4391.794871,4550.256410,4526.153846,4277.948717,4509.743589,4203.076923,4443.076923,4209.230769,4242.564102,4492.307692,4205.128205,4648.205128,3983.076924,4065.128205
37,4389.743589,4545.128205,4519.487179,4272.820512,4502.051282,4195.384615,4437.948717,4208.717948,4237.435897,4487.179487,4199.487179,4645.641025,3984.615385,4057.435897
38,4395.897435,4544.615384,4526.666666,4276.410256,4506.153846,4199.487179,4441.025641,4207.179487,4237.435897,4485.641025,4201.538461,4650.256410,3986.666667,4061.025641
39,4392.307692,4543.589743,4529.743589,4277.948717,4508.717948,4200.512820,4442.564102,4204.102564,4237.435897,4479.487179,4205.641025,4654.358974,3986.666667,4062.564102
40,4387.179487,4547.692307,4525.128205,4271.282051,4503.589743,4193.846153,4442.051282,4207.692307,4237.435897,4484.102564,4207.692307,4653.846153,3990.256411,4062.051282
41,4389.230769,4546.666666,4527.692307,4267.692307,4501.538461,4196.410256,4443.076923,4210.769230,4235.384615,4494.871794,4203.076923,4650.769230,3991.282052,4062.564102
42,4386.153846,4536.923076,4526.666666,4264.102564,4503.076923,4199.487179,4441.538461,4207.179487,4236.410256,4490.256410,4196.410256,4647.692307,3989.230770,4058.974358
43,4381.538461,4534.871794,4517.435897,4264.102564,4504.102564,4191.794871,4440.000000,4206.666666,4241.025641,4482.051282,4200.000000,4648.205128,3989.230770,4057.948717
44,4387.179487,4543.076923,4521.538461,4275.897435,4505.641025,4191.794871,4444.615384,4211.794871,4243.076923,4485.641025,4210.256410,4650.769230,3989.230770,4061.538461
45,4394.358974,4546.666666,4526.153846,4284.615384,4502.564102,4196.923076,4440.000000,4211.794871,4240.512820,4490.769230,4207.692307,4652.307692,3984.102565,4063.076923
46,4395.897435,4546.666666,4521.025641,4280.000000,4496.923076,4192.820512,4431.794871,4208.717948,4240.512820,4489.230769,4201.538461,4650.769230,3986.153847,4061.025641
47,4391.794871,4548.717948,4521.025641,4277.435897,4498.461538,4188.717948,4434.358974,4208.205128,4240.512820,4487.179487,4205.641025,4651.282051,3993.846154,4061.025641
48,4387.179487,4549.230769,4525.641025,4279.487179,4504.102564,4190.769230,4434.358974,4206.666666,4236.410256,4486.153846,4214.358974,4652.307692,3994.871795,4061.538461
49,4391.794871,4548.205128,4525.128205,4281.025641,4502.564102,4192.820512,4432.307692,4206.666666,4235.897435,4482.564102,4219.487179,4649.743589,3989.743590,4063.076923
50,4398.974358,4551.794871,4528.205128,4283.589743,4501.025641,4194.871794,4438.974358,4208.205128,4240.512820,4481.538461,4217.948717,4653.846153,3989.743590,4067.692307
51,4401.538461,4557.948717,4535.897435,4285.641025,4507.179487,4200.000000,4446.153846,4211.794871,4247.692307,4492.820512,4216.410256,4662.564102,3997.948718,4071.794871
52,4402.051282,4556.923076,4536.923076,4285.128205,4510.256410,4202.051282,4448.205128,4213.846153,4251.794871,4505.128205,4220.512820,4661.538461,4006.666666,4069.743589
53,4397.435897,4553.333333,4528.717948,4284.102564,4507.179487,4200.512820,4448.205128,4212.820512,4247.692307,4500.000000,4223.076923,4654.358974,4006.666666,4063.076923
54,4391.794871,4554.871794,4525.128205,4280.000000,4507.179487,4198.974358,4446.153846,4209.230769,4235.384615,4483.589743,4216.410256,4648.717948,3999.487180,4062.564102
55,4390.769230,4552.820512,4526.666666,4272.820512,4502.051282,4195.897435,4441.025641,4203.589743,4227.179487,4476.923076,4208.717948,4644.102564,3990.769231,4063.076923
56,4385.128205,4544.615384,4522.051282,4265.641025,4492.820512,4190.769230,4438.461538,4200.000000,4228.205128,4476.923076,4201.538461,4641.538461,3982.564103,4056.410256
57,4381.025641,4539.487179,4518.974358,4265.128205,4494.358974,4190.256410,4439.487179,4202.051282,4234.871794,4477.948717,4202.564102,4641.538461,3986.153847,4052.307692
58,4387.179487,4541.025641,4527.179487,4267.179487,4501.025641,4193.333333,4442.051282,4211.282051,4245.128205,4483.076923,4212.820512,4645.128205,3998.974359,4057.948717
59,4391.794871,4545.128205,4532.820512,4269.230769,4502.051282,4194.358974,4446.153846,4214.871794,4247.692307,4486.153846,4214.358974,4653.333333,4000.512820,4064.102564
60,4391.794871,4548.205128,4528.717948,4273.846153,4504.102564,4198.461538,4450.769230,4211.282051,4242.051282,4482.564102,4209.230769,4654.871794,3991.794872,4062.051282
61,4390.256410,4546.666666,4527.179487,4272.820512,4508.205128,4204.102564,4450.769230,4215.897435,4237.948717,4479.487179,4215.384615,4648.205128,3986.153847,4054.358974
62,4389.230769,4545.128205,4528.205128,4264.615384,4506.153846,4203.076923,4446.153846,4217.435897,4234.871794,4472.307692,4218.974358,4647.692307,3981.025642,4051.794871
63,4387.179487,4543.589743,4523.076923,4262.564102,4506.153846,4201.025641,4445.128205,4206.666666,4228.717948,4467.179487,4205.641025,4649.743589,3979.487180,4055.384615
64,4387.692307,4542.564102,4520.512820,4265.128205,4506.666666,4203.076923,4445.641025,4201.538461,4229.230769,4478.461538,4198.974358,4648.717948,3992.307693,4060.000000
65,4391.794871,4544.615384,4525.641025,4264.615384,4503.076923,4198.461538,4443.076923,4206.666666,4236.923076,4488.717948,4210.256410,4649.743589,4003.076923,4061.025641
66,4395.384615,4544.615384,4529.743589,4268.717948,4504.102564,4193.333333,4442.564102,4209.743589,4240.512820,4484.615384,4219.487179,4650.256410,3998.461539,4058.974358
67,4397.948717,4545.128205,4528.205128,4278.461538,4508.205128,4197.435897,4445.641025,4212.820512,4242.564102,4486.153846,4222.051282,4653.333333,3994.871795,4060.000000
68,4398.974358,4551.282051,4529.743589,4281.025641,4505.641025,4198.974358,4446.153846,4211.794871,4244.102564,4490.256410,4228.717948,4657.948717,3989.743590,4061.538461
69,4394.358974,4549.743589,4528.717948,4274.358974,4501.538461,4194.871794,4443.076923,4204.102564,4236.923076,4482.051282,4226.666666,4652.820512,3987.179488,4056.923076
70,4388.205128,4536.410256,4523.589743,4270.769230,4503.589743,4194.871794,4441.025641,4204.102564,4231.282051,4473.846153,4201.538461,4646.153846,3995.384616,4048.717948
71,4387.692307,4534.358974,4526.153846,4270.256410,4505.128205,4201.538461,4444.102564,4209.230769,4237.948717,4478.461538,4186.153846,4650.256410,3996.923077,4045.641025
72,4386.666666,4539.487179,4530.256410,4267.692307,4504.102564,4201.025641,4443.589743,4209.230769,4243.076923,4484.102564,4203.076923,4650.256410,3982.564103,4047.692307
73,4381.538461,4533.333333,4525.641025,4262.051282,4500.512820,4193.333333,4442.564102,4206.153846,4236.923076,4478.461538,4216.410256,4642.051282,3974.871795,4045.641025
74,4378.974358,4527.179487,4520.000000,4256.923076,4495.897435,4191.282051,4444.615384,4206.666666,4233.333333,4471.794871,4206.666666,4638.974358,3977.435898,4039.487179
75,4377.948717,4529.230769,4517.948717,4254.871794,4496.923076,4195.384615,4445.128205,4207.692307,4233.333333,4467.179487,4193.846153,4637.435897,3972.820513,4035.384615
76,4376.410256,4534.871794,4515.897435,4257.435897,4504.102564,4198.461538,4442.051282,4204.615384,4227.179487,4463.076923,4190.256410,4632.820512,3975.897436,4034.358974
77,4380.000000,4540.000000,4520.512820,4264.102564,4507.692307,4197.948717,4443.076923,4203.589743,4228.717948,4468.205128,4192.820512,4634.358974,3985.128206,4037.435897
78,4386.153846,4544.615384,4528.717948,4266.153846,4507.692307,4201.538461,4447.179487,4208.717948,4242.564102,4478.974358,4197.435897,4642.564102,3985.128206,4043.589743
79,4382.564102,4543.076923,4526.153846,4258.974358,4509.743589,4203.589743,4447.692307,4210.769230,4245.641025,4480.000000,4201.538461,4643.076923,3980.512821,4043.076923
80,4375.384615,4534.871794,4522.051282,4254.358974,4506.153846,4198.461538,4444.615384,4207.179487,4237.948717,4478.461538,4204.102564,4636.923076,3977.948718,4038.461538
81,4380.000000,4533.846153,4521.538461,4258.974358,4504.615384,4197.948717,4442.564102,4209.743589,4243.076923,4486.666666,4206.666666,4640.512820,3985.128206,4042.051282
82,4391.282051,4540.000000,4523.076923,4264.615384,4509.230769,4203.076923,4445.128205,4216.410256,4251.282051,4490.769230,4202.564102,4648.717948,3992.307693,4048.717948
83,4390.769230,4536.410256,4525.128205,4264.102564,4508.717948,4200.000000,4448.717948,4214.358974,4245.128205,4485.128205,4198.974358,4646.153846,3987.692308,4048.205128
84,4382.051282,4526.666666,4521.538461,4257.435897,4505.641025,4196.923076,4444.615384,4209.230769,4236.410256,4482.564102,4203.076923,4640.000000,3977.948718,4041.538461
85,4384.102564,4524.102564,4518.974358,4253.333333,4505.641025,4201.025641,4441.538461,4209.743589,4237.948717,4483.076923,4200.000000,4643.076923,3979.487180,4032.307692
86,4393.846153,4533.846153,4527.692307,4261.025641,4506.666666,4204.102564,4451.794871,4215.897435,4245.128205,4485.641025,4195.384615,4650.769230,3991.282052,4024.102564
87,4398.461538,4543.076923,4535.384615,4268.717948,4513.333333,4208.717948,4462.051282,4222.564102,4253.333333,4495.897435,4207.692307,4656.923076,3994.358975,4022.564102
88,4395.384615,4536.410256,4533.846153,4263.589743,4520.000000,4214.871794,4462.051282,4223.589743,4258.461538,4498.974358,4221.025641,4657.435897,3987.692308,4019.487179
89,4393.333333,4528.205128,4533.846153,4260.512820,4514.358974,4209.743589,4456.923076,4216.410256,4252.307692,4487.179487,4215.384615,4654.358974,3983.589744,4011.282051
90,4396.410256,4536.410256,4538.461538,4268.205128,4510.256410,4199.487179,4452.307692,4209.230769,4240.512820,4482.564102,4202.564102,4653.846153,3988.205129,4004.615384
91,4398.974358,4537.435897,4540.512820,4271.282051,4515.384615,4201.538461,4448.717948,4208.205128,4236.923076,4487.179487,4198.461538,4655.897435,3994.871795,4001.538461
92,4397.948717,4530.256410,4538.974358,4267.179487,4513.846153,4205.128205,4447.179487,4208.717948,4243.076923,4482.051282,4204.615384,4655.897435,3993.846154,3995.384616
93,4392.307692,4532.820512,4536.410256,4262.564102,4505.128205,4199.487179,4445.128205,4207.179487,4245.641025,4474.871794,4214.871794,4653.846153,3985.128206,3986.153847
94,4386.153846,4532.820512,4535.897435,4265.128205,4503.589743,4196.410256,4443.589743,4208.717948,4238.461538,4475.897435,4216.923076,4650.769230,3986.666667,3981.025642
95,4389.743589,4529.743589,4534.358974,4268.205128,4510.256410,4201.538461,4444.615384,4206.153846,4240.512820,4475.384615,4210.769230,4648.717948,3998.461539,3982.564103
96,4393.846153,4534.358974,4531.794871,4266.666666,4514.358974,4203.076923,4444.102564,4199.487179,4250.256410,4469.230769,4205.128205,4649.743589,3993.333334,3981.538462
97,4387.692307,4533.846153,4528.717948,4265.128205,4510.769230,4198.461538,4443.589743,4196.410256,4245.128205,4462.564102,4200.000000,4647.179487,3976.410257,3974.358975
98,4383.076923,4527.692307,4527.179487,4265.128205,4504.615384,4199.487179,4445.128205,4194.358974,4233.333333,4463.589743,4201.025641,4646.153846,3976.923077,3971.794872
99,4388.205128,4528.717948,4529.743589,4266.666666,4506.666666,4199.487179,4447.179487,4197.435897,4235.897435,4470.256410,4209.230769,4649.230769,3989.743590,3976.410257
100,4387.179487,4529.743589,4527.692307,4264.615384,4509.743589,4193.846153,4445.641025,4200.000000,4241.025641,4465.641025,4204.615384,4647.179487,3989.230770,3975.384616
101,4378.974358,4527.692307,4524.102564,4257.948717,4504.615384,4193.846153,4442.051282,4195.897435,4236.923076,4454.358974,4194.871794,4644.102564,3983.076924,3971.282052
102,4383.589743,4533.333333,4528.205128,4257.435897,4506.153846,4201.025641,4443.076923,4196.923076,4238.461538,4457.948717,4205.641025,4647.692307,3986.153847,3973.846154
103,4390.769230,4536.410256,4529.230769,4263.076923,4518.461538,4202.051282,4446.153846,4201.025641,4243.076923,4464.615384,4217.948717,4651.794871,3989.230770,3974.358975
104,4388.205128,4531.282051,4527.179487,4265.128205,4518.461538,4200.000000,4445.128205,4198.974358,4238.974358,4463.076923,4205.641025,4649.230769,3990.769231,3971.282052
105,4391.794871,4534.358974,4528.717948,4263.589743,4511.282051,4200.000000,4444.102564,4195.384615,4238.461538,4465.641025,4195.384615,4649.743589,3990.256411,3974.358975
106,4397.948717,4546.666666,4530.769230,4265.641025,4513.333333,4199.487179,4444.615384,4196.410256,4242.051282,4472.307692,4209.743589,4652.820512,3985.641026,3978.461539
107,4396.410256,4548.717948,4529.230769,4265.641025,4513.846153,4200.000000,4444.102564,4199.487179,4240.512820,4475.384615,4221.538461,4652.820512,3986.666667,3980.000000
108,4393.846153,4538.974358,4530.256410,4263.589743,4510.256410,4202.051282,4444.102564,4200.512820,4239.487179,4474.358974,4213.333333,4653.846153,3996.923077,3984.615385
109,4397.948717,4537.435897,4534.358974,4262.564102,4512.307692,4200.000000,4446.666666,4200.512820,4247.179487,4471.282051,4208.717948,4659.487179,3999.487180,3988.717949
110,4399.487179,4544.615384,4535.384615,4267.179487,4511.794871,4198.974358,4446.153846,4202.051282,4254.871794,4473.846153,4213.846153,4660.512820,3994.358975,3986.666667
111,4394.871794,4544.615384,4533.846153,4271.282051,4505.128205,4199.487179,4443.589743,4199.487179,4254.358974,4474.871794,4212.820512,4652.820512,3991.282052,3984.615385
112,4394.358974,4539.487179,4529.743589,4266.666666,4507.179487,4195.384615,4442.564102,4191.794871,4248.717948,4469.230769,4211.794871,4649.230769,3990.256411,3984.102565
113,4395.384615,4536.923076,4526.666666,4261.025641,4510.256410,4192.820512,4437.948717,4189.230769,4243.589743,4468.717948,4218.974358,4650.769230,3991.794872,3981.538462
114,4390.256410,4533.846153,4527.179487,4263.076923,4504.102564,4191.282051,4428.717948,4188.205128,4241.025641,4469.230769,4214.358974,4648.717948,3993.333334,3976.923077
115,4383.076923,4530.256410,4525.641025,4265.641025,4501.538461,4186.666666,4425.128205,4183.589743,4242.051282,4461.025641,4206.666666,4645.128205,3991.282052,3974.871795
116,4389.230769,4532.307692,4527.692307,4265.128205,4503.076923,4189.230769,4434.358974,4189.230769,4248.205128,4463.589743,4211.794871,4647.179487,3993.333334,3978.974359
117,4400.000000,4540.512820,4534.871794,4271.794871,4506.153846,4197.435897,4444.102564,4203.076923,4257.435897,4479.487179,4217.435897,4655.384615,4000.512820,3990.256411
118,4403.076923,4547.692307,4540.000000,4281.025641,4512.307692,4202.051282,4447.179487,4205.641025,4258.974358,4478.461538,4224.615384,4663.589743,4005.128205,4002.564102
119,4407.179487,4551.794871,4544.102564,4281.538461,4515.897435,4200.000000,4446.153846,4201.025641,4258.974358,4471.794871,4232.820512,4665.641025,4005.128205,4004.615384
120,4408.205128,4547.692307,4544.102564,4279.487179,4510.256410,4195.384615,4442.564102,4200.512820,4256.410256,4478.974358,4226.153846,4661.538461,3999.487180,3995.897436
121,4401.025641,4540.512820,4534.871794,4278.974358,4504.615384,4190.256410,4438.974358,4199.487179,4246.666666,4477.948717,4216.410256,4654.358974,3989.230770,3990.769231
122,4393.846153,4534.871794,4529.743589,4272.307692,4500.000000,4186.666666,4435.384615,4194.358974,4246.153846,4466.666666,4216.410256,4649.230769,3984.615385,3988.205129
123,4390.769230,4530.769230,4531.794871,4263.589743,4498.461538,4185.641025,4436.923076,4193.333333,4251.282051,4468.717948,4211.282051,4647.692307,3991.282052,3987.179488
124,4388.717948,4529.230769,4530.769230,4265.641025,4498.461538,4185.128205,4438.974358,4193.846153,4249.743589,4470.256410,4200.000000,4647.692307,3990.256411,3985.641026
125,4387.179487,4530.256410,4526.153846,4267.692307,4495.384615,4185.128205,4431.282051,4186.666666,4246.153846,4459.487179,4189.230769,4644.102564,3978.461539,3977.948718
126,4387.692307,4530.769230,4526.666666,4264.615384,4497.948717,4184.615384,4423.589743,4181.538461,4247.179487,4462.051282,4187.692307,4643.589743,3981.538462,3977.435898
127,4390.256410,4533.333333,4531.282051,4266.666666,4503.589743,4187.692307,4429.743589,4185.128205,4247.179487,4470.256410,4201.025641,4649.743589,3990.256411,3989.230770
128,4395.897435,4540.512820,4532.307692,4269.743589,4500.000000,4188.205128,4434.871794,4185.641025,4240.000000,4459.487179,4208.205128,4651.794871,3987.179488,3994.871795
129,4399.487179,4545.641025,4530.256410,4272.820512,4496.410256,4185.128205,4429.230769,4180.000000,4236.923076,4446.153846,4202.051282,4649.230769,3981.538462,3990.256411
130,4394.871794,4543.076923,4528.717948,4277.948717,4502.564102,4186.153846,4427.692307,4182.051282,4242.051282,4447.692307,4195.897435,4648.205128,3980.512821,3988.717949
131,4388.205128,4544.102564,4527.692307,4277.435897,4503.589743,4188.205128,4429.743589,4186.153846,4247.179487,4453.333333,4192.820512,4649.230769,3981.538462,3988.205129
132,4391.282051,4548.717948,4530.769230,4275.384615,4503.589743,4188.205128,4430.769230,4184.102564,4246.666666,4457.435897,4197.435897,4648.717948,3982.564103,3990.769231
133,4398.461538,4549.743589,4535.897435,4280.000000,4509.743589,4193.846153,4432.307692,4185.128205,4246.153846,4466.153846,4206.153846,4651.282051,3987.692308,4000.512820
134,4397.435897,4545.641025,4536.923076,4280.000000,4507.692307,4198.974358,4432.820512,4185.641025,4246.666666,4472.307692,4202.051282,4653.333333,3996.410257,4002.051282
135,4391.794871,4541.538461,4532.820512,4275.384615,4504.102564,4190.256410,4430.256410,4174.871794,4240.000000,4469.230769,4196.410256,4649.230769,3997.435898,3990.256411
136,4393.333333,4543.076923,4530.769230,4276.410256,4506.666666,4187.692307,4429.230769,4170.769230,4240.000000,4466.666666,4201.025641,4646.666666,3990.256411,3990.256411
137,4396.410256,4550.256410,4532.307692,4280.000000,4504.615384,4192.820512,4429.230769,4179.487179,4250.256410,4470.769230,4201.025641,4649.743589,3989.743590,4001.538461
138,4395.384615,4552.307692,4532.307692,4281.025641,4503.076923,4193.333333,4431.794871,4184.102564,4254.358974,4468.717948,4197.435897,4650.769230,3989.230770,4000.512820
139,4394.358974,4548.717948,4530.769230,4280.000000,4506.153846,4192.307692,4436.923076,4177.948717,4245.641025,4456.923076,4198.974358,4649.743589,3981.538462,3994.358975
140,4395.897435,4548.717948,4529.743589,4280.000000,4505.128205,4190.256410,4435.384615,4171.794871,4241.025641,4454.871794,4196.410256,4649.743589,3978.461539,3997.948718
141,4398.461538,4552.307692,4532.307692,4280.512820,4501.538461,4191.282051,4435.384615,4175.384615,4247.179487,4467.692307,4200.000000,4650.256410,3985.128206,4001.538461
142,4398.461538,4548.717948,4532.307692,4280.000000,4505.128205,4193.846153,4440.512820,4182.564102,4247.179487,4474.358974,4210.769230,4652.307692,3996.923077,4001.025641
143,4397.948717,4546.153846,4533.846153,4281.538461,4507.692307,4193.333333,4441.025641,4185.641025,4243.076923,4468.717948,4208.205128,4655.897435,3998.974359,4004.102564
144,4401.025641,4548.717948,4542.051282,4282.051282,4503.589743,4188.717948,4437.435897,4184.102564,4246.153846,4466.666666,4197.435897,4653.846153,3985.128206,4003.589743
145,4404.102564,4552.307692,4539.487179,4281.538461,4502.051282,4188.717948,4438.461538,4182.051282,4250.769230,4469.743589,4197.948717,4653.846153,3982.564103,4003.589743
146,4404.615384,4552.307692,4536.923076,4282.564102,4507.179487,4193.846153,4438.974358,4180.512820,4249.743589,4467.692307,4212.820512,4657.435897,3997.435898,4011.794871
147,4403.589743,4548.717948,4542.051282,4281.025641,4505.641025,4193.333333,4432.820512,4177.435897,4243.589743,4460.512820,4215.384615,4655.897435,3996.923077,4013.333333
148,4400.000000,4547.179487,4540.000000,4277.948717,4502.051282,4189.230769,4429.230769,4172.307692,4240.512820,4456.923076,4197.435897,4651.794871,3987.179488,4004.615384
149,4396.410256,4541.538461,4530.256410,4280.000000,4504.102564,4186.666666,4435.384615,4168.717948,4241.025641,4459.487179,4188.717948,4648.205128,3989.230770,4001.025641
150,4393.333333,4536.410256,4525.128205,4275.384615,4501.538461,4185.128205,4438.974358,4171.282051,4242.051282,4464.615384,4199.487179,4645.128205,3985.128206,4001.538461
151,4386.153846,4537.435897,4520.000000,4263.589743,4493.846153,4182.051282,4432.307692,4169.743589,4235.384615,4465.128205,4200.512820,4642.051282,3975.384616,3997.435898
152,4382.051282,4537.435897,4517.435897,4265.128205,4493.846153,4181.538461,4427.179487,4164.615384,4228.205128,4457.435897,4191.282051,4640.512820,3976.923077,3994.871795
153,4386.153846,4536.923076,4524.615384,4276.410256,4494.871794,4186.666666,4431.282051,4166.666666,4232.307692,4449.743589,4195.384615,4638.461538,3981.025642,3995.897436
154,4389.743589,4545.641025,4527.179487,4280.512820,4497.948717,4189.743589,4434.871794,4170.256410,4239.487179,4453.846153,4201.538461,4639.487179,3980.512821,3997.948718
155,4389.743589,4552.307692,4527.692307,4275.897435,4498.461538,4188.717948,4431.794871,4169.743589,4241.025641,4464.615384,4198.974358,4645.128205,3987.692308,4002.564102
156,4392.820512,4545.641025,4530.256410,4273.333333,4494.871794,4187.692307,4430.256410,4170.256410,4242.564102,4469.743589,4203.076923,4647.179487,3996.410257,4009.230769
157,4396.410256,4545.128205,4530.769230,4279.487179,4498.974358,4189.743589,4435.384615,4173.333333,4246.153846,4468.717948,4209.743589,4647.179487,3993.333334,4014.358974
158,4395.897435,4555.384615,4530.769230,4287.692307,4501.538461,4190.769230,4436.923076,4174.358974,4244.615384,4467.692307,4207.179487,4647.179487,3991.282052,4013.333333
159,4391.282051,4555.897435,4527.692307,4285.128205,4495.897435,4187.179487,4431.282051,4170.256410,4235.384615,4463.076923,4202.564102,4642.564102,3991.282052,4007.692307
160,4386.666666,4546.666666,4523.589743,4276.923076,4495.897435,4185.128205,4429.743589,4167.179487,4230.256410,4453.846153,4198.461538,4634.871794,3981.025642,4000.512820
161,4385.128205,4541.025641,4525.128205,4276.410256,4498.461538,4189.230769,4433.846153,4170.256410,4231.282051,4448.205128,4190.769230,4635.897435,3976.923077,3998.461539
162,4390.256410,4545.128205,4529.743589,4284.102564,4495.897435,4191.794871,4436.923076,4176.923076,4236.923076,4458.461538,4194.871794,4643.076923,3987.692308,4006.666666
163,4396.923076,4555.384615,4532.820512,4286.666666,4500.000000,4189.743589,4440.512820,4178.461538,4246.153846,4473.333333,4202.564102,4647.692307,3994.358975,4018.461538
164,4396.410256,4557.948717,4531.794871,4284.102564,4506.666666,4192.307692,4441.538461,4175.384615,4249.230769,4473.846153,4195.897435,4648.205128,3991.794872,4020.000000
165,4394.871794,4550.769230,4530.256410,4286.153846,4500.512820,4193.333333,4439.487179,4171.282051,4244.102564,4464.102564,4189.743589,4647.692307,3996.923077,4016.410256
166,4396.410256,4550.769230,4531.282051,4291.794871,4494.871794,4189.230769,4441.538461,4168.717948,4241.538461,4465.641025,4204.615384,4650.256410,4000.000000,4018.461538
167,4395.384615,4555.897435,4532.307692,4290.769230,4500.000000,4189.743589,4443.589743,4174.871794,4246.666666,4474.871794,4217.435897,4653.846153,3988.205129,4021.025641
168,4390.256410,4551.794871,4531.794871,4282.051282,4503.589743,4193.846153,4444.102564,4184.102564,4251.794871,4474.358974,4212.307692,4653.846153,3984.102565,4019.487179
169,4383.589743,4546.666666,4527.179487,4276.410256,4500.512820,4189.743589,4444.615384,4178.974358,4250.256410,4467.692307,4200.000000,4647.179487,3992.307693,4015.384615
170,4381.025641,4546.153846,4519.487179,4278.461538,4497.435897,4184.102564,4441.538461,4168.717948,4245.641025,4468.717948,4185.128205,4638.974358,3991.794872,4011.794871
171,4380.512820,4544.615384,4514.871794,4281.025641,4497.435897,4187.179487,4438.974358,4169.230769,4242.564102,4474.871794,4176.410256,4635.897435,3984.102565,4008.205128
172,4375.897435,4542.051282,4522.051282,4278.461538,4490.769230,4186.666666,4436.923076,4170.256410,4242.564102,4472.307692,4183.589743,4637.948717,3983.589744,4007.692307
173,4373.333333,4540.000000,4525.128205,4277.948717,4490.256410,4186.153846,4438.974358,4162.564102,4238.974358,4465.641025,4196.923076,4637.435897,3980.512821,4006.666666
174,4379.487179,4541.025641,4516.923076,4280.000000,4495.384615,4188.205128,4442.564102,4157.948717,4235.897435,4464.615384,4203.589743,4634.871794,3974.871795,4005.641025
175,4386.153846,4544.102564,4516.410256,4276.923076,4490.256410,4185.128205,4441.538461,4162.051282,4236.410256,4466.153846,4199.487179,4637.435897,3984.102565,4008.717948
176,4387.179487,4546.666666,4524.615384,4276.923076,4487.692307,4182.564102,4440.512820,4167.179487,4240.000000,4466.153846,4190.256410,4644.102564,3999.487180,4014.358974
177,4390.256410,4549.743589,4527.179487,4281.538461,4492.820512,4188.205128,4446.666666,4171.282051,4245.641025,4467.179487,4194.871794,4644.615384,4004.102564,4022.564102
178,4389.230769,4548.717948,4524.615384,4279.487179,4488.717948,4190.769230,4444.102564,4168.717948,4245.128205,4465.641025,4201.538461,4638.974358,3997.948718,4022.564102
179,4383.589743,4540.512820,4525.641025,4274.871794,4482.564102,4183.589743,4434.871794,4161.025641,4241.025641,4465.128205,4192.307692,4638.461538,3991.282052,4016.923076
180,4386.666666,4535.897435,4528.717948,4277.948717,4488.205128,4181.538461,4436.923076,4160.000000,4242.051282,4471.282051,4189.743589,4644.615384,3989.743590,4020.000000
181,4394.358974,4540.512820,4530.769230,4278.974358,4494.871794,4186.666666,4442.051282,4168.205128,4242.051282,4474.358974,4204.102564,4648.717948,3991.794872,4027.179487
182,4396.923076,4541.538461,4533.333333,4277.435897,4489.743589,4186.153846,4440.512820,4172.307692,4240.000000,4468.205128,4206.153846,4647.692307,3992.820513,4027.692307
183,4394.871794,4532.820512,4527.692307,4274.358974,4487.692307,4184.102564,4440.000000,4168.205128,4243.076923,4464.102564,4189.230769,4647.692307,3988.717949,4026.153846
184,4390.769230,4528.205128,4520.512820,4270.256410,4491.282051,4186.153846,4436.410256,4166.153846,4243.076923,4463.589743,4186.153846,4645.128205,3976.410257,4024.102564
185,4387.179487,4529.743589,4521.538461,4269.743589,4492.307692,4186.666666,4432.820512,4167.179487,4237.435897,4458.461538,4192.820512,4637.948717,3966.666667,4016.410256
186,4389.743589,4530.769230,4526.666666,4270.769230,4491.282051,4183.589743,4438.461538,4168.717948,4244.615384,4457.948717,4190.769230,4640.512820,3978.461539,4020.000000
187,4396.410256,4534.871794,4528.205128,4273.846153,4491.794871,4188.717948,4446.666666,4175.384615,4254.871794,4467.179487,4192.820512,4649.743589,3994.358975,4037.435897
188,4395.897435,4535.384615,4528.205128,4277.948717,4492.307692,4194.358974,4442.564102,4179.487179,4247.692307,4468.717948,4195.897435,4648.717948,3987.179488,4040.000000
189,4394.871794,4530.769230,4527.692307,4277.948717,4492.307692,4190.256410,4437.948717,4174.358974,4237.948717,4464.102564,4189.743589,4644.102564,3974.358975,4030.769230
190,4396.923076,4531.794871,4524.615384,4272.307692,4491.282051,4186.153846,4438.461538,4166.666666,4235.897435,4460.000000,4187.179487,4646.153846,3977.948718,4027.692307
191,4394.871794,4537.435897,4524.615384,4268.205128,4489.743589,4185.128205,4437.435897,4165.128205,4233.846153,4450.256410,4195.384615,4648.205128,3978.974359,4031.282051
192,4395.384615,4543.076923,4528.205128,4273.846153,4490.256410,4186.153846,4436.923076,4170.769230,4233.846153,4449.743589,4198.461538,4648.717948,3976.410257,4033.333333
193,4398.974358,4545.128205,4530.769230,4280.000000,4490.769230,4191.282051,4439.487179,4177.948717,4240.512820,4465.641025,4189.743589,4652.307692,3980.512821,4033.846153
194,4397.435897,4544.102564,4533.333333,4280.000000,4492.820512,4197.435897,4443.076923,4183.076923,4248.717948,4469.743589,4186.666666,4652.820512,3979.487180,4035.897435
195,4400.000000,4547.692307,4538.461538,4283.589743,4501.025641,4201.025641,4450.769230,4189.230769,4253.846153,4465.128205,4196.923076,4655.384615,3983.076924,4044.102564
196,4409.743589,4551.794871,4540.512820,4290.256410,4505.641025,4202.051282,4453.846153,4191.282051,4252.820512,4469.743589,4209.230769,4661.538461,3998.974359,4052.307692
197,4410.256410,4548.205128,4540.000000,4289.230769,4504.615384,4201.538461,4447.692307,4188.717948,4253.333333,4471.282051,4208.205128,4663.076923,4005.641025,4049.743589
198,4405.128205,4547.692307,4542.564102,4286.666666,4505.128205,4200.512820,4449.743589,4193.333333,4257.948717,4469.230769,4197.435897,4661.538461,3997.948718,4046.153846
199,4404.102564,4549.743589,4540.512820,4288.205128,4504.615384,4202.051282,4457.435897,4197.435897,4258.974358,4476.410256,4200.000000,4660.512820,3991.282052,4047.179487
200,4399.487179,4545.641025,4533.846153,4288.205128,4503.076923,4201.538461,4449.230769,4188.205128,4254.871794,4476.923076,4209.743589,4656.923076,3994.358975,4046.153846
201,4400.000000,4544.102564,4533.846153,4290.256410,4501.538461,4196.923076,4440.512820,4182.564102,4254.358974,4470.256410,4207.692307,4656.410256,4000.000000,4046.153846
202,4403.589743,4550.256410,4532.820512,4288.205128,4500.000000,4195.897435,4445.641025,4190.256410,4254.871794,4470.769230,4200.000000,4658.974358,3995.384616,4047.692307
203,4393.333333,4548.205128,4525.641025,4279.487179,4498.461538,4194.871794,4441.538461,4186.666666,4249.230769,4471.794871,4197.948717,4654.871794,3989.743590,4043.076923
204,4384.615384,4539.487179,4519.487179,4277.435897,4492.307692,4186.666666,4429.743589,4170.256410,4244.102564,4464.102564,4193.846153,4648.717948,3991.794872,4036.410256
205,4390.769230,4539.487179,4515.384615,4278.974358,4488.717948,4181.538461,4430.769230,4166.666666,4240.000000,4449.743589,4193.333333,4645.641025,3987.692308,4034.871794
206,4397.435897,4545.128205,4518.461538,4281.025641,4496.410256,4188.717948,4441.025641,4178.461538,4242.564102,4447.179487,4208.717948,4647.692307,3986.153847,4041.538461
207,4398.974358,4546.153846,4527.179487,4285.128205,4500.512820,4194.358974,4446.666666,4188.205128,4251.794871,4461.538461,4212.307692,4653.333333,3996.923077,4045.641025
208,4398.461538,4548.205128,4528.717948,4281.538461,4494.871794,4192.307692,4442.564102,4187.179487,4249.743589,4466.666666,4195.897435,4654.358974,3995.897436,4038.974358
209,4396.410256,4553.846153,4522.051282,4278.974358,4492.820512,4187.692307,4440.512820,4182.564102,4241.025641,4455.897435,4193.333333,4649.230769,3989.230770,4033.846153
210,4394.871794,4550.256410,4518.974358,4282.564102,4492.820512,4189.743589,4443.076923,4179.487179,4247.179487,4452.820512,4206.666666,4648.205128,3994.358975,4037.435897
211,4396.923076,4546.153846,4524.615384,4281.538461,4491.794871,4195.897435,4444.102564,4184.102564,4259.487179,4464.102564,4212.307692,4651.282051,4000.512820,4044.615384
212,4396.923076,4547.692307,4527.179487,4278.974358,4493.846153,4195.384615,4445.128205,4190.769230,4259.487179,4468.717948,4208.717948,4654.871794,3998.461539,4045.641025
213,4391.794871,4542.564102,4520.512820,4280.512820,4491.282051,4186.666666,4443.589743,4188.717948,4251.282051,4460.000000,4204.615384,4654.358974,3991.794872,4040.512820
214,4384.615384,4534.358974,4515.384615,4277.948717,4488.205128,4183.076923,4436.410256,4181.538461,4243.589743,4453.846153,4197.435897,4647.179487,3988.205129,4033.333333
215,4382.564102,4538.974358,4516.410256,4273.846153,4489.743589,4186.666666,4433.333333,4179.487179,4240.512820,4455.384615,4194.358974,4640.000000,3991.282052,4030.256410
216,4385.641025,4546.666666,4516.923076,4275.384615,4492.307692,4188.205128,4440.000000,4180.512820,4243.076923,4453.846153,4196.410256,4642.564102,3995.384616,4033.333333
217,4388.205128,4545.128205,4517.435897,4278.974358,4492.820512,4189.743589,4443.076923,4181.025641,4247.692307,4459.487179,4192.820512,4648.717948,3992.820513,4037.435897
218,4388.205128,4540.512820,4521.025641,4283.076923,4493.846153,4190.256410,4444.102564,4185.128205,4254.871794,4470.256410,4191.282051,4649.230769,3985.128206,4037.948717
219,4387.179487,4539.487179,4518.461538,4284.102564,4490.769230,4185.641025,4442.051282,4183.076923,4255.897435,4462.564102,4200.000000,4646.153846,3982.051283,4034.358974
220,4387.179487,4543.589743,4515.897435,4282.564102,4490.256410,4184.102564,4435.384615,4175.897435,4248.717948,4450.769230,4202.564102,4647.692307,3992.820513,4036.923076
221,4392.820512,4548.205128,4524.102564,4282.051282,4496.410256,4191.794871,4437.948717,4178.974358,4249.743589,4458.974358,4199.487179,4654.871794,4006.153846,4047.179487
222,4394.871794,4546.153846,4529.743589,4283.076923,4497.435897,4194.871794,4442.564102,4188.205128,4255.384615,4466.153846,4196.410256,4656.410256,4002.051282,4045.128205
223,4393.333333,4543.589743,4526.153846,4284.615384,4494.871794,4189.743589,4436.923076,4186.153846,4247.692307,4458.461538,4190.769230,4651.794871,3992.820513,4038.974358
224,4394.358974,4547.179487,4523.589743,4284.615384,4494.871794,4187.692307,4431.282051,4178.461538,4242.564102,4456.410256,4194.358974,4651.794871,3993.846154,4042.564102
225,4394.871794,4544.102564,4521.025641,4281.025641,4493.846153,4188.205128,4430.256410,4179.487179,4250.256410,4464.102564,4208.717948,4652.307692,3998.974359,4043.076923
226,4389.743589,4535.384615,4514.871794,4277.435897,4490.769230,4185.128205,4429.230769,4179.487179,4249.230769,4461.538461,4201.025641,4652.307692,3997.948718,4037.948717
227,4387.692307,4540.000000,4515.384615,4277.948717,4489.230769,4182.051282,4427.179487,4173.333333,4238.461538,4451.282051,4183.589743,4651.794871,3991.282052,4037.948717
228,4390.769230,4544.102564,4520.000000,4277.948717,4489.743589,4180.512820,4428.205128,4169.230769,4237.948717,4449.230769,4191.794871,4650.769230,3993.333334,4038.461538
229,4388.717948,4534.871794,4515.384615,4277.435897,4487.179487,4180.512820,4427.692307,4167.179487,4238.461538,4451.282051,4200.000000,4647.179487,3999.487180,4032.307692
230,4386.666666,4537.435897,4515.897435,4279.487179,4484.615384,4184.102564,4430.256410,4168.717948,4238.974358,4455.384615,4199.487179,4646.666666,3997.435898,4034.871794
231,4391.282051,4550.769230,4524.102564,4279.487179,4486.153846,4185.641025,4435.897435,4176.923076,4247.179487,4464.615384,4207.692307,4651.794871,3996.410257,4041.538461
232,4393.333333,4552.820512,4524.102564,4276.923076,4490.769230,4185.641025,4438.461538,4180.000000,4252.820512,4465.641025,4208.717948,4652.820512,4002.051282,4040.512820
233,4391.282051,4551.282051,4517.948717,4278.974358,4493.846153,4189.230769,4441.538461,4177.435897,4250.769230,4464.102564,4200.000000,4650.769230,4003.589743,4038.461538
234,4388.205128,4549.743589,4512.307692,4277.948717,4496.410256,4191.282051,4440.000000,4178.461538,4251.282051,4467.692307,4195.897435,4647.179487,3999.487180,4035.897435
235,4388.717948,4544.102564,4512.307692,4272.307692,4494.871794,4187.692307,4434.871794,4182.051282,4252.820512,4467.179487,4192.820512,4643.589743,4004.615384,4034.358974
236,4389.230769,4541.025641,4522.051282,4272.307692,4490.769230,4185.641025,4437.948717,4182.564102,4247.179487,4463.076923,4189.230769,4646.666666,4002.051282,4037.435897
237,4388.717948,4542.051282,4524.615384,4274.871794,4490.769230,4186.666666,4438.974358,4186.666666,4247.179487,4462.051282,4192.820512,4651.794871,3986.153847,4037.435897
238,4391.794871,4543.076923,4520.000000,4274.358974,4495.384615,4187.179487,4432.307692,4188.717948,4251.794871,4463.076923,4197.435897,4652.820512,3990.256411,4037.435897
239,4398.461538,4547.179487,4524.102564,4276.410256,4498.461538,4188.717948,4433.846153,4185.641025,4250.256410,4463.589743,4198.974358,4652.820512,4006.666666,4045.641025
240,4397.948717,4555.384615,4527.692307,4280.000000,4496.923076,4189.230769,4440.512820,4185.128205,4248.717948,4462.051282,4193.846153,4651.282051,4002.564102,4046.153846
241,4391.794871,4555.384615,4523.589743,4285.641025,4493.846153,4186.153846,4439.487179,4185.641025,4247.692307,4457.948717,4188.717948,4646.666666,3995.897436,4038.974358
242,4387.179487,4547.692307,4521.538461,4292.820512,4491.794871,4183.589743,4435.897435,4184.615384,4247.692307,4457.435897,4197.435897,4647.692307,4004.102564,4042.564102
243,4381.538461,4538.461538,4518.974358,4288.717948,4494.358974,4186.666666,4432.307692,4181.025641,4245.128205,4451.282051,4196.923076,4645.641025,3997.435898,4042.564102
244,4380.000000,4532.820512,4517.435897,4278.461538,4496.410256,4191.282051,4432.820512,4178.974358,4243.589743,4449.230769,4182.051282,4641.025641,3980.512821,4032.307692
245,4386.153846,4537.948717,4520.512820,4282.564102,4496.410256,4190.256410,4443.076923,4183.589743,4247.179487,4463.076923,4180.000000,4647.692307,3988.205129,4033.333333
246,4389.230769,4545.641025,4522.564102,4290.769230,4501.025641,4192.820512,4444.615384,4187.692307,4251.282051,4465.128205,4190.256410,4653.333333,4001.538461,4042.051282
247,4390.256410,4552.307692,4525.128205,4290.256410,4502.564102,4195.897435,4439.487179,4182.564102,4249.743589,4454.871794,4202.051282,4649.743589,3995.384616,4041.538461
248,4393.333333,4556.410256,4528.205128,4293.846153,4500.512820,4193.333333,4444.102564,4180.000000,4248.717948,4457.948717,4210.256410,4649.230769,3991.282052,4040.512820
249,4391.282051,4551.794871,4526.666666,4290.769230,4501.025641,4189.743589,4443.589743,4183.076923,4250.256410,4462.564102,4204.615384,4652.820512,3997.435898,4041.538461
250,4385.128205,4542.564102,4521.538461,4278.461538,4498.974358,4188.717948,4431.794871,4179.487179,4243.076923,4454.358974,4190.256410,4650.256410,3994.871795,4039.487179
251,4387.179487,4540.000000,4519.487179,4281.025641,4494.871794,4185.641025,4431.282051,4174.871794,4236.410256,4452.820512,4187.179487,4646.666666,3986.153847,4036.410256
252,4393.333333,4547.692307,4524.102564,4292.820512,4496.410256,4182.564102,4441.538461,4179.487179,4239.487179,4455.384615,4196.923076,4647.692307,3991.282052,4039.487179
253,4397.948717,4557.435897,4531.282051,4292.820512,4503.589743,4188.205128,4443.589743,4185.641025,4248.717948,4457.435897,4204.615384,4653.846153,4002.051282,4049.743589
254,4395.897435,4556.923076,4528.717948,4284.102564,4502.051282,4192.307692,4435.897435,4185.128205,4250.769230,4466.666666,4198.974358,4655.897435,4006.153846,4049.230769
255,4388.717948,4545.641025,4517.948717,4280.000000,4495.384615,4189.230769,4429.230769,4184.615384,4242.564102,4464.102564,4197.435897,4647.692307,4001.025641,4036.410256
