,AF3,F7,F3,FC5,T7,P7,O1,O2,P8,T8,FC6,F4,F8,AF4
0,4362.564102,4489.230769,4547.692307,4301.538461,4469.230769,4192.820512,4432.307692,4204.102564,4230.256410,4498.461538,4195.384615,4600.512820,3938.974359,4057.948717
1,4361.538461,4482.564102,4546.153846,4301.025641,4469.230769,4192.820512,4426.153846,4194.871794,4226.153846,4490.256410,4195.897435,4597.948717,3934.871795,4047.692307
2,4358.974358,4486.153846,4546.666666,4299.487179,4479.487179,4196.410256,4428.717948,4196.923076,4233.846153,4498.461538,4202.051282,4601.538461,3934.358975,4045.128205
3,4355.384615,4491.794871,4545.641025,4293.333333,4482.564102,4196.410256,4426.153846,4202.051282,4237.948717,4498.974358,4194.871794,4601.025641,3934.871795,4048.717948
4,4358.974358,4488.205128,4549.743589,4292.820512,4475.384615,4192.820512,4419.487179,4202.564102,4232.820512,4491.282051,4194.358974,4598.974358,3944.102565,4057.948717
5,4365.128205,4482.564102,4553.846153,4300.000000,4477.435897,4191.282051,4422.051282,4205.641025,4229.230769,4488.205128,4203.076923,4601.025641,3947.179488,4054.871794
6,4364.102564,4481.025641,4551.794871,4301.025641,4480.512820,4193.846153,4426.666666,4208.717948,4234.871794,4491.794871,4199.487179,4602.564102,3938.461539,4042.051282
7,4361.538461,4477.435897,4553.846153,4296.923076,4472.820512,4191.794871,4427.179487,4209.230769,4242.564102,4500.000000,4193.846153,4601.025641,3935.897436,4044.615384
8,4370.256410,4481.025641,4564.615384,4302.564102,4472.307692,4191.282051,4435.897435,4217.435897,4246.666666,4512.307692,4211.794871,4610.769230,3945.641026,4063.076923
9,4375.384615,4485.128205,4568.205128,4300.512820,4476.923076,4196.410256,4441.025641,4227.692307,4251.794871,4522.564102,4224.102564,4622.051282,3956.923077,4072.820512
10,4370.769230,4475.897435,4562.564102,4284.615384,4473.846153,4196.410256,4434.358974,4228.205128,4256.923076,4518.461538,4207.179487,4617.435897,3961.538462,4059.487179
11,4368.205128,4470.256410,4563.589743,4282.564102,4472.820512,4194.871794,4433.846153,4227.179487,4257.948717,4507.179487,4198.974358,4617.435897,3960.000000,4050.256410
12,4365.641025,4473.846153,4566.153846,4292.820512,4477.948717,4195.384615,4437.435897,4224.102564,4251.282051,4506.153846,4210.769230,4622.051282,3951.794872,4057.435897
13,4356.410256,4468.717948,4559.487179,4289.743589,4477.435897,4196.410256,4430.256410,4214.358974,4240.512820,4501.538461,4207.179487,4611.794871,3937.435898,4057.435897
14,4348.205128,4460.000000,4554.871794,4280.512820,4472.307692,4193.333333,4425.128205,4202.051282,4231.794871,4487.692307,4188.717948,4600.512820,3928.717949,4043.076923
15,4353.333333,4463.076923,4560.000000,4288.717948,4472.820512,4191.794871,4425.128205,4197.435897,4225.641025,4482.051282,4192.307692,4607.692307,3933.333334,4037.435897
16,4361.025641,4471.794871,4562.051282,4294.871794,4474.871794,4189.230769,4420.512820,4201.538461,4221.025641,4478.974358,4198.461538,4614.358974,3937.435898,4041.025641
17,4363.589743,4476.923076,4561.538461,4292.307692,4476.410256,4189.230769,4421.025641,4206.153846,4224.615384,4478.974358,4184.102564,4614.871794,3935.384616,4046.153846
18,4368.205128,4478.461538,4567.179487,4296.923076,4478.461538,4191.794871,4426.666666,4208.717948,4237.435897,4489.743589,4181.538461,4621.025641,3937.948718,4057.948717
19,4374.358974,4478.974358,4573.846153,4300.000000,4482.564102,4194.358974,4433.333333,4214.871794,4246.666666,4498.461538,4200.512820,4628.205128,3947.692308,4063.589743
20,4382.051282,4487.692307,4580.000000,4301.538461,4483.076923,4203.589743,4444.615384,4223.589743,4250.256410,4506.666666,4209.230769,4636.923076,3957.435898,4066.666666
21,4382.051282,4486.153846,4577.435897,4301.538461,4476.410256,4207.692307,4447.692307,4218.461538,4247.179487,4511.794871,4196.923076,4634.358974,3952.307693,4071.794871
22,4372.820512,4471.794871,4565.128205,4291.282051,4472.820512,4201.025641,4434.358974,4207.692307,4238.974358,4500.000000,4196.410256,4618.461538,3943.589744,4065.128205
23,4369.230769,4473.333333,4564.615384,4285.128205,4476.410256,4202.051282,4430.769230,4211.794871,4243.076923,4494.358974,4208.205128,4620.512820,3951.794872,4053.846153
24,4375.384615,4483.076923,4569.743589,4295.897435,4480.000000,4207.692307,4441.025641,4222.564102,4256.410256,4511.282051,4203.076923,4630.769230,3957.435898,4056.410256
25,4383.076923,4486.153846,4566.153846,4302.564102,4482.051282,4207.179487,4444.615384,4227.179487,4262.051282,4517.948717,4200.512820,4626.666666,3953.333334,4070.769230
26,4391.282051,4490.769230,4568.205128,4300.000000,4487.179487,4207.179487,4442.564102,4228.717948,4258.974358,4510.769230,4214.358974,4625.128205,3962.564103,4078.461538
27,4389.230769,4489.230769,4575.897435,4301.025641,4486.666666,4206.666666,4442.564102,4227.179487,4253.846153,4512.307692,4215.384615,4628.717948,3968.717949,4070.256410
28,4375.384615,4473.846153,4570.769230,4297.948717,4478.974358,4198.461538,4437.435897,4214.358974,4239.487179,4502.564102,4199.487179,4622.051282,3949.743590,4060.000000
29,4374.358974,4471.794871,4563.589743,4294.358974,4477.435897,4193.333333,4427.692307,4203.589743,4225.128205,4480.000000,4197.948717,4610.769230,3938.461539,4057.948717
30,4390.256410,4484.102564,4566.666666,4300.000000,4484.102564,4197.948717,4428.717948,4207.692307,4231.282051,4478.461538,4197.948717,4606.666666,3946.666667,4054.871794
31,4392.307692,4483.076923,4568.205128,4302.051282,4486.666666,4198.461538,4437.948717,4212.307692,4243.589743,4492.307692,4181.538461,4608.205128,3948.717949,4048.717948
32,4378.461538,4471.794871,4565.641025,4295.384615,4478.974358,4193.846153,4435.897435,4211.282051,4242.051282,4492.820512,4178.461538,4610.256410,3947.692308,4051.282051
33,4380.512820,4472.820512,4569.230769,4293.333333,4474.871794,4195.897435,4431.794871,4211.794871,4237.435897,4487.179487,4200.000000,4611.794871,3950.769231,4059.487179
34,4391.794871,4481.538461,4573.333333,4302.051282,4478.461538,4201.025641,4436.923076,4214.358974,4244.615384,4493.846153,4211.282051,4613.846153,3951.794872,4060.512820
35,4388.717948,4479.487179,4566.153846,4305.128205,4474.871794,4197.435897,4437.948717,4215.384615,4248.717948,4502.051282,4201.025641,4611.794871,3951.282052,4054.871794
36,4382.051282,4470.769230,4558.461538,4295.897435,4466.153846,4189.743589,4433.333333,4214.871794,4243.076923,4498.461538,4200.512820,4609.230769,3950.769231,4053.333333
37,4384.102564,4470.769230,4561.025641,4297.435897,4468.717948,4194.358974,4436.923076,4217.948717,4245.128205,4498.461538,4208.717948,4614.358974,3957.435898,4058.461538
38,4386.153846,4476.923076,4564.615384,4302.051282,4475.897435,4201.538461,4439.487179,4222.564102,4251.282051,4506.666666,4205.641025,4618.461538,3964.615385,4058.461538
39,4381.538461,4474.871794,4565.128205,4291.794871,4470.256410,4193.846153,4430.769230,4222.051282,4245.128205,4500.000000,4202.051282,4613.333333,3954.871795,4047.179487
40,4378.974358,4465.641025,4562.564102,4287.179487,4460.000000,4187.179487,4426.666666,4221.025641,4239.487179,4488.717948,4207.179487,4606.666666,3942.564103,4045.641025
41,4380.000000,4465.128205,4560.512820,4297.948717,4462.564102,4194.871794,4434.871794,4221.538461,4247.692307,4496.410256,4208.205128,4606.666666,3950.256411,4058.461538
42,4378.974358,4474.358974,4562.564102,4300.000000,4471.794871,4199.487179,4436.410256,4215.384615,4247.692307,4504.102564,4203.076923,4610.769230,3957.435898,4057.435897
43,4377.948717,4483.076923,4564.615384,4296.923076,4477.435897,4195.897435,4431.282051,4210.256410,4239.487179,4499.487179,4203.589743,4613.333333,3950.256411,4045.641025
44,4381.025641,4483.076923,4565.128205,4303.076923,4479.487179,4199.487179,4434.871794,4218.461538,4244.102564,4504.102564,4207.179487,4612.820512,3948.717949,4051.794871
45,4382.564102,4476.923076,4565.128205,4307.692307,4478.974358,4201.025641,4440.512820,4222.564102,4251.282051,4505.641025,4201.538461,4615.897435,3953.333334,4061.538461
46,4375.384615,4471.794871,4561.025641,4299.487179,4473.846153,4193.333333,4431.794871,4212.820512,4242.564102,4487.692307,4192.307692,4616.410256,3948.717949,4048.717948
47,4367.179487,4474.358974,4556.410256,4291.282051,4469.743589,4190.769230,4425.128205,4205.128205,4228.717948,4473.846153,4191.282051,4611.282051,3937.435898,4037.435897
48,4370.256410,4478.974358,4557.948717,4292.307692,4471.282051,4196.410256,4430.769230,4205.128205,4227.692307,4482.564102,4204.102564,4613.333333,3931.794872,4046.666666
49,4382.051282,4481.538461,4564.615384,4301.538461,4475.897435,4197.948717,4431.794871,4206.153846,4235.897435,4495.897435,4208.717948,4622.564102,3940.000000,4061.025641
50,4388.717948,4486.153846,4566.666666,4308.205128,4481.025641,4194.871794,4425.641025,4205.128205,4240.512820,4494.358974,4194.358974,4624.615384,3950.769231,4065.641025
51,4384.102564,4486.666666,4560.512820,4307.179487,4484.615384,4193.333333,4422.564102,4202.564102,4239.487179,4494.358974,4194.358974,4622.051282,3955.384616,4060.000000
52,4382.564102,4484.615384,4562.051282,4306.153846,4486.153846,4195.384615,4425.128205,4204.102564,4242.564102,4507.179487,4208.717948,4628.205128,3959.487180,4058.974358
53,4391.282051,4488.205128,4569.743589,4307.692307,4486.153846,4199.487179,4430.256410,4210.256410,4247.692307,4511.794871,4214.358974,4632.820512,3961.025642,4068.205128
54,4389.743589,4485.641025,4565.641025,4304.615384,4482.564102,4196.410256,4430.769230,4208.717948,4241.025641,4500.000000,4210.256410,4623.076923,3949.743590,4067.179487
55,4377.435897,4470.769230,4555.897435,4293.333333,4480.000000,4190.256410,4424.102564,4197.435897,4229.743589,4491.282051,4201.025641,4612.820512,3936.410257,4052.820512
56,4373.333333,4468.205128,4554.871794,4286.666666,4480.000000,4191.794871,4424.615384,4194.358974,4228.205128,4488.205128,4194.358974,4614.871794,3939.487180,4048.205128
57,4374.358974,4480.000000,4557.435897,4291.794871,4478.974358,4195.384615,4433.846153,4202.564102,4235.897435,4487.179487,4192.820512,4616.410256,3948.717949,4056.923076
58,4374.871794,4483.076923,4557.435897,4296.410256,4478.974358,4198.461538,4436.410256,4206.666666,4241.538461,4497.948717,4197.435897,4610.769230,3948.717949,4061.538461
59,4378.974358,4477.948717,4555.897435,4297.948717,4481.025641,4203.076923,4436.410256,4207.692307,4240.512820,4505.641025,4202.564102,4609.230769,3942.051283,4049.230769
60,4377.948717,4472.820512,4550.256410,4295.897435,4482.564102,4200.512820,4436.923076,4211.282051,4235.384615,4494.871794,4201.025641,4610.769230,3940.000000,4038.974358
61,4371.794871,4474.871794,4548.717948,4289.743589,4482.564102,4195.384615,4434.358974,4210.769230,4237.948717,4487.692307,4199.487179,4605.641025,3947.179488,4049.230769
62,4372.820512,4480.512820,4551.282051,4285.128205,4485.128205,4198.461538,4435.384615,4203.076923,4241.538461,4495.384615,4202.564102,4602.051282,3949.743590,4059.487179
63,4375.384615,4481.538461,4551.282051,4284.615384,4486.666666,4201.025641,4436.410256,4196.410256,4233.333333,4495.897435,4190.256410,4601.025641,3942.051283,4047.692307
64,4369.230769,4472.820512,4544.615384,4283.589743,4485.128205,4195.897435,4430.256410,4191.794871,4227.692307,4485.128205,4175.384615,4593.333333,3931.282052,4032.820512
65,4368.205128,4464.615384,4542.564102,4287.179487,4483.589743,4192.820512,4431.282051,4194.358974,4235.384615,4485.128205,4188.717948,4590.769230,3928.205129,4040.000000
66,4379.487179,4470.769230,4551.282051,4298.974358,4485.128205,4198.461538,4446.153846,4205.641025,4243.589743,4493.333333,4205.128205,4600.000000,3936.923077,4055.384615
67,4377.948717,4475.897435,4552.820512,4298.974358,4485.641025,4202.051282,4448.717948,4211.282051,4240.512820,4488.205128,4201.538461,4604.102564,3945.128206,4050.769230
68,4359.487179,4470.769230,4542.051282,4277.435897,4481.538461,4197.435897,4438.461538,4207.179487,4234.871794,4479.487179,4194.358974,4597.435897,3941.538462,4030.769230
69,4353.846153,4464.102564,4537.435897,4262.564102,4478.461538,4193.846153,4435.384615,4204.615384,4237.435897,4485.641025,4189.743589,4588.717948,3934.358975,4032.307692
70,4365.641025,4465.128205,4542.564102,4273.333333,4478.461538,4194.358974,4437.435897,4205.641025,4241.538461,4496.410256,4190.769230,4587.692307,3936.410257,4049.230769
71,4373.333333,4472.820512,4550.256410,4291.282051,4482.564102,4197.435897,4441.025641,4210.769230,4245.128205,4499.487179,4196.923076,4597.435897,3948.205129,4048.205128
72,4373.846153,4483.589743,4556.923076,4300.512820,4486.153846,4203.589743,4449.230769,4221.025641,4252.820512,4503.076923,4196.923076,4607.179487,3956.410257,4045.641025
73,4374.871794,4488.717948,4556.923076,4305.641025,4487.179487,4207.179487,4453.846153,4221.538461,4254.358974,4500.512820,4202.564102,4608.717948,3947.179488,4057.435897
74,4373.333333,4484.615384,4548.205128,4294.871794,4482.564102,4201.538461,4445.128205,4206.666666,4244.615384,4487.692307,4210.769230,4605.128205,3937.435898,4057.435897
75,4372.307692,4482.051282,4543.076923,4276.923076,4477.435897,4197.435897,4431.794871,4190.256410,4233.333333,4483.589743,4198.974358,4597.948717,3941.025642,4041.538461
76,4370.769230,4481.538461,4543.589743,4285.641025,4477.435897,4202.051282,4428.205128,4186.153846,4234.871794,4491.282051,4189.743589,4592.820512,3945.128206,4042.564102
77,4364.102564,4476.923076,4543.076923,4294.358974,4474.871794,4198.461538,4427.179487,4187.179487,4235.897435,4490.769230,4194.871794,4593.333333,3942.564103,4056.410256
78,4358.461538,4470.769230,4542.564102,4283.589743,4468.205128,4191.282051,4424.102564,4193.333333,4229.230769,4487.179487,4196.410256,4592.820512,3938.461539,4054.871794
79,4364.102564,4472.307692,4545.128205,4285.128205,4466.153846,4192.820512,4429.230769,4206.153846,4235.384615,4489.743589,4196.410256,4595.384615,3938.974359,4042.564102
80,4371.282051,4482.564102,4549.743589,4288.717948,4468.717948,4196.410256,4440.000000,4213.333333,4250.256410,4486.153846,4201.538461,4598.974358,3938.461539,4042.564102
81,4364.102564,4480.000000,4548.717948,4274.358974,4467.692307,4194.358974,4442.051282,4212.307692,4249.743589,4482.564102,4199.487179,4594.871794,3936.410257,4048.717948
82,4351.282051,4465.128205,4542.564102,4271.282051,4464.615384,4191.282051,4431.282051,4204.615384,4233.846153,4487.692307,4190.769230,4585.128205,3933.846154,4046.153846
83,4353.333333,4461.538461,4543.076923,4281.025641,4466.666666,4195.897435,4426.666666,4195.897435,4225.641025,4486.153846,4186.666666,4581.025641,3934.871795,4041.025641
84,4368.205128,4473.333333,4548.717948,4282.051282,4472.820512,4200.000000,4431.794871,4194.871794,4230.256410,4484.102564,4189.230769,4589.743589,3944.615385,4045.128205
85,4377.948717,4480.512820,4550.256410,4283.076923,4472.307692,4196.410256,4430.769230,4198.461538,4234.358974,4490.769230,4201.025641,4600.512820,3949.743590,4054.358974
86,4374.358974,4481.538461,4546.153846,4280.000000,4465.128205,4192.820512,4423.589743,4194.871794,4235.384615,4492.820512,4206.666666,4597.435897,3942.051283,4054.871794
87,4369.230769,4484.615384,4543.589743,4270.256410,4465.641025,4193.846153,4423.589743,4191.282051,4233.333333,4482.564102,4197.435897,4591.282051,3936.410257,4045.128205
88,4369.230769,4480.512820,4541.025641,4274.358974,4469.230769,4193.333333,4422.564102,4190.769230,4230.769230,4475.897435,4190.769230,4593.333333,3938.461539,4036.923076
89,4369.743589,4471.282051,4536.410256,4286.153846,4468.205128,4193.333333,4417.435897,4187.692307,4230.256410,4482.051282,4193.333333,4595.384615,3936.923077,4042.564102
90,4367.692307,4474.871794,4534.871794,4285.641025,4470.769230,4199.487179,4422.051282,4186.666666,4235.897435,4491.794871,4190.256410,4593.846153,3935.384616,4051.794871
91,4364.102564,4481.538461,4533.846153,4272.820512,4474.871794,4200.512820,4426.153846,4187.692307,4234.358974,4489.743589,4182.051282,4592.307692,3930.769231,4043.589743
92,4365.128205,4476.410256,4534.871794,4267.692307,4470.256410,4196.923076,4425.128205,4192.820512,4230.256410,4485.641025,4191.794871,4590.769230,3922.564103,4031.282051
93,4375.897435,4476.923076,4543.076923,4281.025641,4470.256410,4201.538461,4432.820512,4205.641025,4246.153846,4498.461538,4212.820512,4598.461538,3933.846154,4044.102564
94,4385.128205,4486.153846,4547.692307,4293.846153,4480.000000,4204.102564,4436.410256,4210.256410,4256.410256,4504.102564,4214.871794,4608.205128,3955.384616,4067.692307
95,4387.179487,4491.282051,4546.666666,4294.358974,4481.538461,4200.000000,4427.692307,4197.435897,4240.512820,4486.153846,4203.589743,4605.128205,3960.000000,4065.641025
96,4387.692307,4496.410256,4547.692307,4291.282051,4477.948717,4200.512820,4423.589743,4185.641025,4230.256410,4482.051282,4207.692307,4602.564102,3952.307693,4050.769230
97,4384.102564,4494.358974,4547.692307,4287.179487,4481.538461,4201.025641,4426.666666,4189.230769,4237.435897,4497.948717,4208.717948,4605.128205,3945.128206,4051.282051
98,4376.923076,4483.076923,4542.564102,4281.025641,4482.051282,4194.871794,4423.076923,4192.820512,4234.871794,4497.948717,4193.846153,4598.461538,3939.487180,4056.410256
99,4373.846153,4481.025641,4540.000000,4279.487179,4473.333333,4196.410256,4423.076923,4189.230769,4225.128205,4481.025641,4189.230769,4587.179487,3935.897436,4046.153846
100,4373.846153,4483.076923,4540.512820,4285.128205,4475.384615,4205.128205,4433.333333,4194.358974,4231.282051,4481.025641,4189.743589,4585.128205,3933.333334,4034.358974
101,4375.897435,4488.717948,4543.076923,4296.923076,4484.615384,4204.615384,4439.487179,4209.743589,4248.205128,4496.410256,4193.333333,4596.923076,3938.461539,4040.000000
102,4378.974358,4498.974358,4546.666666,4298.974358,4481.538461,4198.461538,4434.871794,4214.358974,4254.358974,4504.102564,4211.282051,4605.128205,3947.692308,4053.846153
103,4380.000000,4492.820512,4548.717948,4281.025641,4474.871794,4195.897435,4427.692307,4207.692307,4245.128205,4502.564102,4213.333333,4602.564102,3947.692308,4056.923076
104,4381.538461,4484.615384,4546.666666,4274.358974,4474.871794,4195.897435,4426.153846,4208.717948,4241.538461,4502.564102,4201.538461,4602.564102,3948.205129,4055.897435
105,4381.538461,4488.205128,4546.153846,4289.743589,4475.384615,4194.871794,4426.153846,4206.666666,4243.589743,4503.076923,4208.205128,4605.128205,3955.384616,4056.923076
106,4373.333333,4487.179487,4543.076923,4291.282051,4478.461538,4193.333333,4423.589743,4196.410256,4238.974358,4497.435897,4208.717948,4600.512820,3953.846154,4053.846153
107,4363.589743,4482.051282,4536.410256,4274.871794,4481.025641,4194.358974,4419.487179,4190.256410,4232.307692,4488.717948,4189.230769,4590.256410,3939.487180,4044.102564
108,4360.512820,4482.051282,4535.384615,4268.205128,4474.358974,4194.358974,4419.487179,4186.153846,4223.076923,4480.000000,4182.564102,4583.076923,3922.051283,4031.282051
109,4365.641025,4482.051282,4539.487179,4277.435897,4472.307692,4192.820512,4426.153846,4186.153846,4218.461538,4475.384615,4192.820512,4585.641025,3922.051283,4031.282051
110,4371.794871,4475.384615,4543.076923,4286.666666,4477.948717,4195.897435,4431.282051,4195.384615,4226.666666,4480.000000,4195.897435,4594.871794,3936.410257,4048.717948
111,4364.102564,4467.179487,4538.974358,4283.589743,4471.794871,4193.846153,4427.692307,4202.051282,4232.307692,4480.000000,4189.743589,4592.307692,3931.282052,4049.743589
112,4355.897435,4465.128205,4530.769230,4272.820512,4462.051282,4183.589743,4421.025641,4203.076923,4228.717948,4477.435897,4191.282051,4584.102564,3919.487180,4031.282051
113,4364.615384,4466.666666,4533.333333,4266.153846,4465.641025,4184.615384,4423.076923,4206.153846,4231.282051,4487.179487,4200.000000,4590.769230,3927.692308,4028.205128
114,4373.846153,4468.717948,4541.538461,4265.641025,4470.769230,4196.410256,4428.205128,4206.666666,4241.025641,4500.512820,4207.692307,4601.538461,3937.435898,4044.615384
115,4368.717948,4470.256410,4542.051282,4269.743589,4469.743589,4198.461538,4428.205128,4199.487179,4244.102564,4496.923076,4210.256410,4602.564102,3942.051283,4050.769230
116,4362.051282,4469.230769,4540.512820,4275.897435,4470.769230,4192.820512,4425.128205,4193.333333,4234.358974,4489.230769,4204.615384,4596.923076,3946.666667,4042.051282
117,4366.666666,4466.666666,4543.589743,4277.948717,4471.282051,4194.871794,4421.538461,4194.871794,4228.205128,4494.871794,4194.871794,4593.333333,3941.538462,4038.461538
118,4372.820512,4466.666666,4543.589743,4266.153846,4470.256410,4193.333333,4419.487179,4195.897435,4231.282051,4496.410256,4192.307692,4592.820512,3927.692308,4043.589743
119,4370.256410,4467.179487,4542.564102,4260.512820,4474.358974,4186.666666,4417.435897,4200.000000,4233.333333,4487.692307,4195.384615,4591.794871,3924.615385,4040.512820
120,4366.153846,4465.641025,4543.589743,4273.846153,4483.076923,4190.769230,4419.487179,4203.076923,4231.282051,4484.615384,4188.717948,4588.717948,3930.769231,4028.205128
121,4368.205128,4468.205128,4543.076923,4278.461538,4484.615384,4199.487179,4424.102564,4198.461538,4230.256410,4479.487179,4185.128205,4590.769230,3935.897436,4029.743589
122,4378.461538,4474.358974,4546.153846,4276.410256,4484.615384,4197.948717,4425.641025,4198.974358,4229.743589,4477.435897,4192.820512,4598.461538,3946.153847,4048.717948
123,4387.179487,4473.333333,4549.743589,4277.948717,4487.179487,4192.307692,4422.051282,4204.615384,4223.589743,4490.256410,4192.307692,4602.051282,3952.307693,4052.820512
124,4386.153846,4464.615384,4549.230769,4269.743589,4478.974358,4189.743589,4418.974358,4200.000000,4213.846153,4495.384615,4193.333333,4598.974358,3942.051283,4038.974358
125,4380.000000,4467.179487,4548.717948,4264.102564,4472.307692,4194.358974,4422.564102,4196.923076,4215.384615,4486.153846,4209.230769,4599.487179,3939.487180,4037.948717
126,4377.435897,4475.897435,4550.256410,4274.871794,4480.512820,4203.076923,4428.205128,4207.179487,4226.153846,4490.769230,4211.794871,4604.102564,3956.923077,4051.282051
127,4376.410256,4469.230769,4549.230769,4278.974358,4486.666666,4203.589743,4427.179487,4212.307692,4225.641025,4501.538461,4193.333333,4601.538461,3952.307693,4050.769230
128,4372.820512,4461.025641,4543.589743,4269.743589,4478.974358,4194.871794,4421.538461,4202.564102,4214.871794,4493.333333,4185.641025,4593.333333,3927.179488,4035.897435
129,4374.358974,4462.564102,4542.564102,4266.666666,4475.384615,4192.307692,4418.974358,4194.358974,4214.871794,4486.153846,4197.948717,4594.358974,3930.256411,4033.333333
130,4381.025641,4472.307692,4547.179487,4273.333333,4480.000000,4198.974358,4423.076923,4198.974358,4226.153846,4502.051282,4211.282051,4603.589743,3955.384616,4047.179487
131,4386.153846,4484.102564,4553.333333,4277.435897,4478.461538,4201.025641,4426.666666,4208.717948,4232.307692,4512.307692,4213.846153,4608.717948,3967.692308,4058.974358
132,4389.230769,4482.564102,4557.948717,4271.282051,4476.923076,4200.000000,4428.205128,4209.230769,4230.769230,4502.564102,4208.717948,4608.717948,3965.128206,4059.487179
133,4391.794871,4469.743589,4561.025641,4268.205128,4484.615384,4201.025641,4427.692307,4207.179487,4227.179487,4496.410256,4203.076923,4609.230769,3958.461539,4055.897435
134,4391.794871,4466.666666,4561.025641,4278.461538,4487.179487,4200.000000,4427.692307,4209.743589,4225.128205,4500.512820,4205.128205,4609.230769,3958.974359,4056.410256
135,4384.102564,4475.384615,4553.846153,4277.948717,4478.974358,4197.948717,4427.692307,4206.153846,4220.512820,4498.461538,4207.179487,4600.512820,3954.358975,4052.820512
136,4375.384615,4472.307692,4547.179487,4262.051282,4473.846153,4197.435897,4426.666666,4197.435897,4213.333333,4485.641025,4193.333333,4591.794871,3938.461539,4044.102564
137,4371.282051,4460.512820,4546.153846,4255.384615,4475.384615,4195.384615,4422.051282,4192.820512,4210.769230,4475.384615,4178.974358,4591.282051,3931.794872,4030.769230
138,4373.846153,4460.512820,4546.153846,4261.025641,4477.948717,4193.846153,4416.923076,4190.769230,4209.743589,4478.974358,4184.102564,4595.384615,3942.051283,4025.641025
139,4382.564102,4475.384615,4552.307692,4274.871794,4482.564102,4196.923076,4420.512820,4191.794871,4208.717948,4492.820512,4197.948717,4601.538461,3951.794872,4041.538461
140,4386.666666,4488.205128,4561.025641,4287.692307,4484.615384,4198.974358,4425.641025,4194.871794,4214.358974,4501.025641,4201.538461,4607.179487,3955.897436,4056.923076
141,4380.512820,4480.512820,4558.461538,4277.948717,4481.538461,4195.384615,4423.589743,4193.333333,4216.923076,4495.897435,4198.974358,4604.615384,3952.820513,4051.282051
142,4378.461538,4469.743589,4549.743589,4265.641025,4479.487179,4193.846153,4423.076923,4198.974358,4213.333333,4487.692307,4195.384615,4600.512820,3945.128206,4044.102564
143,4382.051282,4473.333333,4548.717948,4265.128205,4476.923076,4195.384615,4428.205128,4207.179487,4214.358974,4484.102564,4185.128205,4601.538461,3947.692308,4049.743589
144,4375.897435,4473.846153,4546.666666,4261.538461,4473.333333,4193.333333,4424.615384,4201.538461,4213.333333,4482.564102,4180.000000,4598.974358,3945.641026,4046.153846
145,4373.846153,4467.179487,4544.102564,4264.615384,4478.974358,4189.743589,4415.384615,4196.410256,4207.692307,4484.102564,4185.128205,4600.000000,3936.410257,4040.000000
146,4384.615384,4468.717948,4546.153846,4275.384615,4485.641025,4189.230769,4417.435897,4205.641025,4211.282051,4485.641025,4189.743589,4608.717948,3939.487180,4048.205128
147,4385.641025,4468.717948,4543.076923,4272.307692,4485.641025,4187.692307,4423.076923,4206.666666,4216.410256,4483.589743,4188.205128,4608.717948,3942.564103,4053.846153
148,4380.512820,4465.128205,4538.974358,4270.256410,4485.128205,4188.205128,4424.615384,4194.358974,4210.769230,4482.051282,4189.743589,4604.102564,3940.512821,4051.794871
149,4382.564102,4473.846153,4543.076923,4275.384615,4484.615384,4191.282051,4424.102564,4191.282051,4208.717948,4484.102564,4196.410256,4609.743589,3946.666667,4050.256410
150,4386.153846,4484.615384,4545.128205,4270.769230,4482.564102,4192.820512,4421.538461,4200.000000,4217.948717,4487.179487,4193.846153,4616.923076,3953.846154,4051.282051
151,4387.179487,4481.538461,4543.589743,4267.692307,4484.615384,4192.307692,4417.948717,4207.692307,4223.589743,4491.794871,4187.179487,4619.487179,3955.897436,4053.333333
152,4393.846153,4481.025641,4547.179487,4274.871794,4489.230769,4193.333333,4414.358974,4208.205128,4227.179487,4504.102564,4192.820512,4626.666666,3960.512821,4060.512820
153,4394.358974,4485.641025,4549.230769,4278.974358,4485.128205,4191.794871,4413.333333,4206.666666,4230.256410,4506.153846,4200.000000,4632.820512,3961.025642,4061.538461
154,4382.564102,4477.435897,4543.589743,4277.948717,4477.948717,4188.205128,4416.410256,4207.179487,4222.564102,4491.794871,4195.897435,4628.205128,3950.769231,4054.358974
155,4377.435897,4469.230769,4543.589743,4274.358974,4478.461538,4189.230769,4424.615384,4207.692307,4217.435897,4488.205128,4191.282051,4622.051282,3944.102565,4057.948717
156,4384.615384,4473.333333,4549.230769,4269.743589,4477.435897,4192.820512,4431.794871,4210.769230,4227.692307,4494.358974,4191.794871,4621.538461,3944.615385,4061.025641
157,4381.025641,4470.769230,4545.128205,4260.512820,4470.256410,4187.179487,4427.692307,4212.307692,4229.230769,4487.692307,4181.025641,4617.435897,3942.564103,4041.538461
158,4366.666666,4460.512820,4535.384615,4252.820512,4467.692307,4181.025641,4417.948717,4206.153846,4214.358974,4478.974358,4171.282051,4607.179487,3936.410257,4029.743589
159,4365.641025,4461.538461,4534.871794,4263.076923,4469.743589,4185.128205,4416.923076,4201.025641,4212.820512,4484.615384,4182.564102,4601.538461,3938.461539,4046.153846
160,4372.820512,4466.666666,4535.384615,4269.230769,4468.205128,4187.692307,4419.487179,4201.025641,4217.435897,4492.307692,4192.820512,4602.051282,3945.641026,4050.256410
161,4374.358974,4461.025641,4537.435897,4260.512820,4467.179487,4183.589743,4419.487179,4205.128205,4216.410256,4487.692307,4192.307692,4604.102564,3946.666667,4037.435897
162,4376.410256,4461.538461,4546.153846,4265.128205,4471.282051,4185.641025,4423.589743,4209.743589,4221.538461,4485.128205,4194.871794,4608.205128,3943.589744,4043.076923
163,4378.974358,4472.820512,4548.205128,4273.333333,4471.282051,4190.256410,4428.205128,4209.230769,4227.179487,4492.307692,4193.333333,4608.205128,3946.153847,4054.871794
164,4382.051282,4478.461538,4543.589743,4269.743589,4471.794871,4190.256410,4426.666666,4204.102564,4225.641025,4501.538461,4190.256410,4606.153846,3954.358975,4051.794871
165,4388.205128,4484.615384,4548.205128,4275.384615,4478.974358,4193.333333,4428.205128,4204.615384,4225.641025,4504.615384,4200.000000,4612.307692,3961.538462,4049.743589
166,4388.717948,4485.128205,4549.230769,4285.128205,4483.076923,4197.435897,4427.179487,4205.128205,4223.076923,4499.487179,4198.974358,4610.769230,3960.512821,4052.820512
167,4380.000000,4473.333333,4540.512820,4276.410256,4478.461538,4193.333333,4420.512820,4201.538461,4217.948717,4492.820512,4188.717948,4597.948717,3952.307693,4055.384615
168,4377.948717,4473.846153,4540.000000,4263.589743,4477.435897,4193.333333,4425.128205,4205.641025,4224.615384,4496.410256,4198.974358,4599.487179,3954.871795,4058.974358
169,4388.717948,4488.205128,4550.769230,4270.769230,4482.051282,4200.512820,4440.512820,4215.897435,4230.769230,4505.128205,4216.923076,4617.435897,3962.564103,4057.948717
170,4394.358974,4488.717948,4557.435897,4278.974358,4482.564102,4200.000000,4441.538461,4213.846153,4226.153846,4503.076923,4217.435897,4622.051282,3963.076924,4057.435897
171,4386.153846,4478.461538,4546.666666,4271.282051,4478.974358,4190.769230,4423.076923,4197.948717,4221.538461,4496.923076,4204.102564,4608.205128,3956.923077,4057.948717
172,4376.410256,4476.923076,4534.358974,4263.076923,4475.384615,4189.230769,4413.333333,4192.307692,4223.076923,4497.435897,4191.282051,4596.410256,3947.179488,4051.794871
173,4380.512820,4481.538461,4537.948717,4267.692307,4476.923076,4194.358974,4424.615384,4204.615384,4226.666666,4499.487179,4195.384615,4599.487179,3947.692308,4049.230769
174,4390.769230,4483.076923,4546.666666,4275.897435,4481.025641,4193.333333,4430.769230,4210.256410,4228.205128,4500.000000,4211.794871,4608.205128,3957.948718,4063.076923
175,4387.692307,4483.076923,4541.538461,4274.871794,4476.410256,4187.179487,4420.512820,4201.025641,4220.512820,4492.307692,4204.615384,4607.692307,3959.487180,4068.717948
176,4379.487179,4482.051282,4532.307692,4265.128205,4466.666666,4185.641025,4413.333333,4194.358974,4211.282051,4485.641025,4191.794871,4601.538461,3949.230770,4051.282051
177,4379.487179,4480.512820,4535.384615,4263.076923,4467.692307,4188.205128,4418.461538,4195.384615,4218.461538,4494.358974,4202.051282,4600.512820,3942.051283,4041.538461
178,4384.615384,4484.102564,4545.128205,4272.307692,4480.512820,4191.794871,4425.128205,4198.974358,4226.666666,4501.538461,4208.717948,4604.615384,3950.769231,4056.923076
179,4391.282051,4494.358974,4548.205128,4276.410256,4488.205128,4195.897435,4427.179487,4200.000000,4218.974358,4497.948717,4198.974358,4610.769230,3962.564103,4066.153846
180,4388.717948,4493.333333,4541.538461,4272.820512,4484.102564,4195.897435,4422.051282,4197.435897,4214.871794,4495.384615,4190.256410,4609.230769,3958.461539,4056.410256
181,4382.564102,4480.000000,4537.948717,4271.794871,4480.000000,4191.282051,4417.435897,4201.025641,4221.538461,4491.794871,4197.435897,4603.589743,3944.102565,4053.846153
182,4384.615384,4477.948717,4542.564102,4276.410256,4480.512820,4190.769230,4423.076923,4207.692307,4225.641025,4492.307692,4210.256410,4608.205128,3943.076924,4058.461538
183,4385.641025,4489.230769,4545.128205,4275.384615,4480.000000,4191.282051,4423.589743,4203.589743,4222.051282,4502.051282,4207.179487,4612.820512,3953.846154,4052.820512
184,4382.051282,4491.282051,4541.538461,4263.076923,4479.487179,4186.666666,4416.410256,4193.846153,4218.461538,4498.974358,4194.871794,4609.743589,3957.435898,4049.743589
185,4383.589743,4481.025641,4542.051282,4264.615384,4481.538461,4186.666666,4421.025641,4194.871794,4221.538461,4495.384615,4200.000000,4612.307692,3954.871795,4057.948717
186,4388.205128,4481.025641,4545.641025,4284.102564,4485.641025,4192.820512,4426.666666,4194.358974,4223.076923,4504.102564,4213.333333,4615.384615,3952.307693,4061.538461
187,4383.076923,4490.769230,4543.076923,4283.589743,4487.179487,4189.743589,4418.461538,4186.153846,4210.256410,4492.307692,4205.641025,4605.641025,3946.666667,4051.794871
188,4376.410256,4488.717948,4540.000000,4269.743589,4483.589743,4187.692307,4417.435897,4189.743589,4207.179487,4482.051282,4196.923076,4603.589743,3942.564103,4048.205128
189,4384.102564,4485.128205,4545.641025,4277.948717,4487.179487,4195.897435,4431.282051,4208.205128,4226.153846,4505.641025,4203.589743,4614.358974,3951.282052,4059.487179
190,4392.307692,4493.333333,4551.794871,4285.641025,4494.871794,4198.974358,4431.282051,4212.820512,4232.307692,4519.487179,4210.256410,4618.974358,3964.102565,4065.641025
191,4387.692307,4497.948717,4548.205128,4279.487179,4495.384615,4194.358974,4424.615384,4203.076923,4219.487179,4505.128205,4217.435897,4614.871794,3966.153847,4063.589743
192,4385.641025,4496.923076,4546.153846,4282.564102,4494.871794,4194.871794,4427.692307,4200.512820,4218.461538,4501.025641,4225.128205,4613.846153,3964.102565,4068.717948
193,4390.256410,4498.461538,4548.717948,4282.564102,4494.358974,4196.923076,4432.820512,4201.025641,4224.102564,4504.102564,4223.076923,4614.358974,3964.615385,4073.846153
194,4388.205128,4494.358974,4548.717948,4274.871794,4486.666666,4196.410256,4431.282051,4195.897435,4224.102564,4497.948717,4211.794871,4608.717948,3965.641026,4063.076923
195,4380.512820,4483.589743,4545.128205,4273.846153,4483.076923,4194.358974,4428.205128,4192.820512,4222.564102,4496.923076,4206.666666,4601.025641,3966.153847,4050.256410
196,4376.410256,4476.923076,4536.923076,4268.717948,4483.589743,4193.333333,4424.615384,4190.769230,4216.923076,4496.410256,4207.692307,4596.923076,3953.846154,4048.717948
197,4370.256410,4471.794871,4526.666666,4255.897435,4473.846153,4188.205128,4420.000000,4187.692307,4204.615384,4488.205128,4202.051282,4591.282051,3934.358975,4043.589743
198,4364.615384,4465.128205,4524.615384,4256.923076,4467.692307,4183.589743,4421.025641,4189.230769,4200.512820,4481.025641,4200.000000,4589.743589,3931.794872,4035.384615
199,4372.307692,4469.743589,4533.333333,4270.769230,4478.974358,4189.230769,4428.205128,4197.948717,4213.846153,4489.743589,4204.615384,4599.487179,3943.076924,4046.666666
200,4383.589743,4482.051282,4541.538461,4273.333333,4482.564102,4193.333333,4428.717948,4203.076923,4223.589743,4498.974358,4198.974358,4607.692307,3953.846154,4065.128205
201,4382.051282,4484.615384,4536.410256,4266.666666,4475.897435,4190.256410,4425.641025,4205.128205,4222.564102,4494.358974,4196.923076,4604.102564,3955.384616,4061.025641
202,4372.820512,4481.538461,4527.692307,4261.025641,4478.974358,4191.282051,4427.692307,4209.743589,4223.076923,4494.871794,4208.205128,4598.461538,3952.307693,4041.538461
203,4367.692307,4477.948717,4527.179487,4256.410256,4483.076923,4193.846153,4430.769230,4208.717948,4224.615384,4501.538461,4210.256410,4598.461538,3949.743590,4033.333333
204,4369.743589,4472.307692,4533.333333,4260.512820,4480.512820,4192.820512,4428.717948,4203.076923,4224.615384,4502.564102,4203.076923,4602.051282,3943.589744,4044.102564
205,4377.435897,4471.282051,4538.461538,4272.820512,4479.487179,4193.846153,4430.769230,4204.102564,4220.512820,4494.358974,4197.948717,4604.615384,3936.410257,4052.820512
206,4380.512820,4480.512820,4538.974358,4277.435897,4479.487179,4195.897435,4433.846153,4203.589743,4214.358974,4488.717948,4186.666666,4602.564102,3938.974359,4044.102564
207,4366.153846,4477.948717,4532.820512,4267.692307,4476.410256,4192.307692,4428.717948,4193.846153,4209.743589,4486.153846,4180.512820,4594.358974,3936.923077,4033.333333
208,4353.333333,4466.153846,4526.153846,4252.307692,4473.846153,4188.717948,4421.538461,4187.179487,4203.076923,4473.846153,4187.179487,4589.230769,3922.564103,4035.897435
209,4368.717948,4472.307692,4530.769230,4256.410256,4478.461538,4192.307692,4426.666666,4195.897435,4205.128205,4473.333333,4192.307692,4597.435897,3924.615385,4041.025641
210,4387.692307,4483.076923,4543.589743,4274.871794,4482.564102,4195.384615,4440.000000,4210.769230,4222.564102,4500.000000,4200.512820,4610.769230,3940.512821,4042.564102
211,4386.153846,4482.051282,4546.153846,4277.435897,4480.000000,4191.794871,4438.974358,4216.923076,4229.743589,4511.794871,4205.641025,4614.358974,3946.153847,4051.794871
212,4384.102564,4485.128205,4540.512820,4271.282051,4478.974358,4191.282051,4431.282051,4214.871794,4226.666666,4500.000000,4195.897435,4614.358974,3950.256411,4062.564102
213,4392.307692,4491.794871,4542.564102,4276.410256,4481.025641,4196.410256,4436.410256,4214.358974,4236.410256,4505.641025,4198.461538,4617.435897,3954.871795,4056.410256
214,4392.307692,4491.794871,4547.692307,4276.410256,4477.948717,4196.410256,4440.512820,4214.871794,4238.974358,4509.743589,4220.000000,4617.948717,3948.205129,4048.717948
215,4385.128205,4489.743589,4544.615384,4267.179487,4475.897435,4193.846153,4436.923076,4210.256410,4225.128205,4496.410256,4220.512820,4613.846153,3940.512821,4057.435897
216,4383.589743,4485.128205,4535.897435,4266.153846,4479.487179,4194.358974,4435.897435,4204.615384,4217.435897,4493.846153,4201.538461,4610.256410,3943.589744,4059.487179
217,4380.000000,4476.923076,4532.820512,4266.153846,4478.461538,4192.307692,4434.871794,4201.538461,4219.487179,4493.846153,4199.487179,4612.307692,3949.230770,4046.666666
218,4383.589743,4486.666666,4541.025641,4268.717948,4476.923076,4190.769230,4431.794871,4205.128205,4223.076923,4489.743589,4206.666666,4619.487179,3953.846154,4050.769230
219,4393.333333,4498.461538,4547.692307,4274.871794,4476.410256,4190.256410,4430.256410,4209.230769,4228.717948,4496.923076,4202.564102,4621.538461,3958.461539,4067.692307
220,4391.794871,4494.358974,4543.076923,4271.282051,4473.333333,4189.230769,4430.256410,4208.205128,4230.256410,4503.589743,4202.051282,4619.487179,3951.282052,4066.666666
221,4387.692307,4494.871794,4542.051282,4269.230769,4478.461538,4193.846153,4437.948717,4210.256410,4228.205128,4500.000000,4212.820512,4622.051282,3945.128206,4057.948717
222,4390.256410,4496.410256,4545.128205,4276.410256,4485.128205,4195.897435,4444.615384,4209.743589,4227.179487,4500.000000,4213.333333,4625.641025,3952.307693,4061.538461
223,4389.743589,4485.128205,4541.538461,4275.384615,4477.435897,4189.230769,4437.435897,4201.025641,4224.615384,4500.512820,4206.666666,4623.076923,3957.435898,4065.641025
224,4387.692307,4485.641025,4542.051282,4269.230769,4472.820512,4189.743589,4432.307692,4200.000000,4222.564102,4494.871794,4206.666666,4621.538461,3954.871795,4060.512820
225,4397.435897,4502.051282,4548.717948,4269.230769,4480.512820,4196.923076,4436.410256,4206.666666,4224.615384,4493.333333,4209.230769,4631.282051,3957.435898,4059.487179
226,4400.512820,4502.564102,4549.230769,4270.769230,4478.974358,4196.410256,4432.820512,4204.102564,4226.153846,4495.384615,4212.307692,4633.333333,3957.948718,4064.102564
227,4387.179487,4487.179487,4543.589743,4270.256410,4469.743589,4189.230769,4423.589743,4193.846153,4218.974358,4484.615384,4211.282051,4616.410256,3944.102565,4065.641025
228,4380.512820,4481.538461,4541.538461,4267.692307,4470.256410,4187.179487,4421.538461,4186.666666,4207.179487,4468.205128,4202.564102,4606.666666,3931.794872,4056.923076
229,4383.589743,4484.615384,4542.051282,4263.076923,4476.923076,4189.230769,4425.128205,4186.153846,4206.666666,4472.820512,4190.256410,4613.846153,3932.820513,4042.564102
230,4387.179487,4483.076923,4541.025641,4258.974358,4478.461538,4190.256410,4425.128205,4191.282051,4211.282051,4487.692307,4184.615384,4616.410256,3938.974359,4046.153846
231,4385.641025,4475.897435,4541.538461,4258.974358,4477.948717,4186.666666,4423.076923,4193.333333,4213.333333,4484.102564,4189.230769,4610.256410,3942.564103,4060.000000
232,4386.666666,4481.538461,4543.589743,4262.051282,4476.410256,4187.179487,4425.641025,4194.358974,4222.051282,4481.538461,4199.487179,4614.871794,3948.717949,4058.461538
233,4390.256410,4492.307692,4546.153846,4263.589743,4471.794871,4189.230769,4425.641025,4198.461538,4230.769230,4492.307692,4207.692307,4622.564102,3951.794872,4052.307692
234,4389.743589,4488.205128,4548.205128,4264.615384,4472.307692,4188.717948,4425.128205,4203.589743,4229.230769,4489.743589,4207.179487,4621.538461,3950.256411,4058.461538
235,4388.205128,4480.000000,4548.717948,4267.179487,4480.000000,4190.256410,4430.769230,4205.128205,4228.717948,4482.564102,4200.512820,4621.025641,3951.794872,4057.948717
236,4386.666666,4481.025641,4546.666666,4263.589743,4481.538461,4191.794871,4430.769230,4200.000000,4229.230769,4490.769230,4193.846153,4617.435897,3947.692308,4045.128205
237,4383.589743,4481.025641,4544.615384,4255.384615,4477.435897,4188.717948,4423.076923,4194.358974,4222.051282,4497.948717,4192.820512,4609.230769,3943.589744,4048.717948
238,4377.435897,4473.333333,4544.102564,4252.307692,4475.897435,4187.179487,4418.974358,4194.358974,4218.461538,4486.153846,4191.282051,4607.692307,3947.179488,4055.384615
239,4371.794871,4465.128205,4537.435897,4248.717948,4468.717948,4183.589743,4414.358974,4192.820512,4218.461538,4473.846153,4190.256410,4609.743589,3938.974359,4041.538461
240,4372.820512,4467.692307,4533.333333,4245.641025,4465.128205,4179.487179,4412.820512,4189.743589,4218.974358,4479.487179,4201.025641,4608.717948,3930.769231,4032.820512
241,4376.923076,4476.923076,4540.512820,4253.846153,4472.820512,4184.102564,4419.487179,4192.820512,4220.512820,4485.128205,4199.487179,4611.282051,3945.128206,4045.641025
242,4374.358974,4476.923076,4543.076923,4257.435897,4477.435897,4192.820512,4424.102564,4201.538461,4225.128205,4484.102564,4183.076923,4611.794871,3952.820513,4049.743589
243,4367.692307,4472.307692,4539.487179,4250.769230,4478.461538,4193.846153,4423.589743,4206.153846,4227.692307,4491.794871,4187.179487,4607.179487,3940.512821,4038.974358
244,4371.794871,4476.923076,4541.538461,4254.358974,4482.564102,4193.333333,4425.641025,4205.128205,4229.230769,4498.461538,4207.179487,4609.230769,3938.461539,4040.000000
245,4384.102564,4485.641025,4550.256410,4266.153846,4487.692307,4198.974358,4432.307692,4206.666666,4239.487179,4500.512820,4214.871794,4617.435897,3953.846154,4056.923076
246,4389.743589,4484.615384,4556.410256,4265.641025,4486.153846,4201.025641,4437.435897,4211.794871,4249.230769,4509.230769,4212.820512,4624.615384,3963.589744,4067.179487
247,4385.641025,4478.461538,4556.410256,4263.076923,4478.974358,4195.897435,4436.410256,4212.307692,4242.051282,4512.307692,4208.205128,4628.717948,3962.051283,4061.025641
248,4385.128205,4482.564102,4553.333333,4264.102564,4478.974358,4193.846153,4432.307692,4208.205128,4229.230769,4499.487179,4203.076923,4629.230769,3961.025642,4052.820512
249,4388.717948,4484.102564,4549.743589,4262.051282,4482.051282,4194.871794,4427.692307,4208.205128,4229.743589,4494.358974,4208.717948,4626.666666,3962.051283,4056.410256
250,4385.641025,4471.282051,4547.692307,4255.384615,4474.871794,4191.282051,4425.641025,4207.692307,4231.282051,4497.435897,4211.794871,4623.076923,3955.897436,4057.435897
251,4372.307692,4460.000000,4542.051282,4247.179487,4467.692307,4186.153846,4423.076923,4202.051282,4224.615384,4488.717948,4194.871794,4615.384615,3942.051283,4045.128205
252,4365.128205,4461.025641,4537.435897,4245.641025,4470.256410,4187.179487,4422.564102,4196.923076,4222.051282,4482.051282,4183.589743,4613.846153,3941.025642,4036.410256
253,4369.230769,4468.717948,4539.487179,4252.307692,4475.384615,4190.256410,4427.692307,4201.025641,4229.230769,4491.282051,4192.307692,4618.461538,3951.794872,4045.128205
254,4376.923076,4477.948717,4545.128205,4256.410256,4480.000000,4193.333333,4431.794871,4206.666666,4234.871794,4496.923076,4198.974358,4620.000000,3951.282052,4052.820512
255,4376.410256,4483.589743,4544.615384,4258.974358,4482.051282,4193.846153,4428.205128,4204.615384,4227.179487,4487.692307,4193.846153,4620.000000,3942.051283,4043.589743
256,4371.282051,4478.461538,4538.461538,4259.487179,4478.461538,4189.230769,4423.589743,4202.564102,4220.512820,4478.974358,4192.820512,4620.000000,3944.615385,4036.410256
257,4374.358974,4472.820512,4541.538461,4251.794871,4479.487179,4188.205128,4427.692307,4205.641025,4227.179487,4484.615384,4198.974358,4622.051282,3951.282052,4047.692307
258,4378.974358,4475.897435,4547.179487,4255.384615,4488.205128,4192.307692,4427.692307,4207.179487,4234.871794,4493.846153,4201.025641,4623.076923,3952.307693,4056.923076
259,4378.461538,4481.025641,4549.230769,4267.692307,4488.717948,4193.333333,4423.589743,4207.179487,4233.333333,4495.897435,4201.538461,4623.589743,3956.410257,4053.846153
